0.000000e+00 0.000000e+00 5.000000e-01 0.000000e+00 7.079790e+01 0.000000e+00 0.000000e+00 0.000000e+00 1.000000e+00 0.000000e+00 7.079790e+01 0.000000e+00
6.329114e-04 2.915895e-02 4.904656e-01 9.713372e-08 8.081014e+00 2.263144e-12 6.329114e-04 5.490096e-06 9.904656e-01 3.443390e-15 8.081014e+00 4.261087e-16
1.307763e-03 5.910062e-02 4.802995e-01 1.080058e-06 2.173139e+00 9.357672e-11 1.307763e-03 1.112757e-05 9.802995e-01 3.828806e-14 2.173139e+00 1.761878e-14
2.026410e-03 8.970805e-02 4.694736e-01 5.109979e-06 8.841266e-01 1.088210e-09 2.026410e-03 1.689039e-05 9.694736e-01 1.811487e-13 8.841266e-01 2.048900e-13
2.790735e-03 1.208472e-01 4.579597e-01 1.589055e-05 4.498907e-01 6.650279e-09 2.790735e-03 2.275332e-05 9.579597e-01 5.633199e-13 4.498907e-01 1.252126e-12
3.602639e-03 1.523663e-01 4.457298e-01 3.891810e-05 2.620672e-01 2.796064e-08 3.602639e-03 2.868778e-05 9.457298e-01 1.379647e-12 2.620672e-01 5.264477e-12
4.464042e-03 1.840938e-01 4.327566e-01 8.184658e-05 1.669448e-01 9.230722e-08 4.464042e-03 3.466149e-05 9.327566e-01 2.901461e-12 1.669448e-01 1.737976e-11
5.376881e-03 2.158359e-01 4.190153e-01 1.548703e-04 1.133250e-01 2.573063e-07 5.376881e-03 4.063794e-05 9.190153e-01 5.490151e-12 1.133250e-01 4.844606e-11
6.343107e-03 2.473708e-01 4.044868e-01 2.710144e-04 8.067497e-02 6.325017e-07 6.343107e-03 4.657540e-05 9.044868e-01 9.607462e-12 8.067497e-02 1.190885e-10
7.364680e-03 2.784413e-01 3.891629e-01 4.461710e-04 5.959242e-02 1.409673e-06 7.364680e-03 5.242540e-05 8.891629e-01 1.581676e-11 5.959242e-02 2.654156e-10
8.443566e-03 3.087441e-01 3.730554e-01 6.986529e-04 4.532405e-02 2.902290e-06 8.443566e-03 5.813087e-05 8.730554e-01 2.476724e-11 4.532405e-02 5.464482e-10
9.581740e-03 3.379203e-01 3.562089e-01 1.048017e-03 3.527775e-02 5.593395e-06 9.581740e-03 6.362420e-05 8.562089e-01 3.715220e-11 3.527775e-02 1.053134e-09
1.078118e-02 3.655504e-01 3.387175e-01 1.512997e-03 2.795599e-02 1.018993e-05 1.078118e-02 6.882645e-05 8.387175e-01 5.363574e-11 2.795599e-02 1.918577e-09
1.204384e-02 3.911645e-01 3.207439e-01 2.108690e-03 2.245653e-02 1.767984e-05 1.204384e-02 7.364912e-05 8.207439e-01 7.475308e-11 2.245653e-02 3.328790e-09
1.337171e-02 4.142767e-01 3.025331e-01 2.843618e-03 1.822075e-02 2.938415e-05 1.337171e-02 7.800072e-05 8.025331e-01 1.008063e-10 1.822075e-02 5.532498e-09
1.476674e-02 4.344499e-01 2.844125e-01 3.717621e-03 1.489706e-02 4.698646e-05 1.476674e-02 8.179897e-05 7.844125e-01 1.317897e-10 1.489706e-02 8.846690e-09
1.623089e-02 4.513823e-01 2.667667e-01 4.721396e-03 1.226023e-02 7.250700e-05 1.623089e-02 8.498703e-05 7.667667e-01 1.673735e-10 1.226023e-02 1.365174e-08
1.776609e-02 4.649829e-01 2.499833e-01 5.837670e-03 1.016021e-02 1.081795e-04 1.776609e-02 8.754777e-05 7.499833e-01 2.069454e-10 1.016021e-02 2.036822e-08
1.937427e-02 4.753982e-01 2.343844e-01 7.043511e-03 8.489253e-03 1.562168e-04 1.937427e-02 8.950877e-05 7.343844e-01 2.496925e-10 8.489253e-03 2.941277e-08
2.105733e-02 4.829698e-01 2.201716e-01 8.313304e-03 7.162877e-03 2.185215e-04 2.105733e-02 9.093437e-05 7.201716e-01 2.947066e-10 7.162877e-03 4.114361e-08
2.281715e-02 4.881455e-01 2.074093e-01 9.622017e-03 6.110977e-03 2.964583e-04 2.281715e-02 9.190887e-05 7.074093e-01 3.411005e-10 6.110977e-03 5.581767e-08
2.465561e-02 4.913875e-01 1.960477e-01 1.094802e-02 5.274883e-03 3.907786e-04 2.465561e-02 9.251928e-05 6.960477e-01 3.881072e-10 5.274883e-03 7.357646e-08
2.657452e-02 4.931107e-01 1.859647e-01 1.227464e-02 4.606562e-03 5.016951e-04 2.657452e-02 9.284372e-05 6.859647e-01 4.351359e-10 4.606562e-03 9.446000e-08
2.857570e-02 4.936561e-01 1.770067e-01 1.359035e-02 4.067846e-03 6.290340e-04 2.857570e-02 9.294641e-05 6.770067e-01 4.817778e-10 4.067846e-03 1.184356e-07
3.066092e-02 4.932899e-01 1.690170e-01 1.488799e-02 3.629170e-03 7.723905e-04 3.066092e-02 9.287746e-05 6.690170e-01 5.277794e-10 3.629170e-03 1.454270e-07
3.283193e-02 4.922135e-01 1.618508e-01 1.616371e-02 3.268007e-03 9.312498e-04 3.283193e-02 9.267479e-05 6.618508e-01 5.730036e-10 3.268007e-03 1.753373e-07
3.509044e-02 4.905773e-01 1.553823e-01 1.741588e-02 2.967332e-03 1.105064e-03 3.509044e-02 9.236673e-05 6.553823e-01 6.173928e-10 2.967332e-03 2.080632e-07
3.743810e-02 4.884932e-01 1.495046e-01 1.864429e-02 2.714295e-03 1.293293e-03 3.743810e-02 9.197433e-05 6.495046e-01 6.609402e-10 2.714295e-03 2.435034e-07
3.987656e-02 4.860445e-01 1.441292e-01 1.984961e-02 2.499163e-03 1.495428e-03 3.987656e-02 9.151328e-05 6.441292e-01 7.036688e-10 2.499163e-03 2.815618e-07
4.240741e-02 4.832936e-01 1.391826e-01 2.103294e-02 2.314513e-03 1.710995e-03 4.240741e-02 9.099534e-05 6.391826e-01 7.456179e-10 2.314513e-03 3.221490e-07
4.503219e-02 4.802878e-01 1.346043e-01 2.219561e-02 2.154637e-03 1.939551e-03 4.503219e-02 9.042940e-05 6.346043e-01 7.868345e-10 2.154637e-03 3.651819e-07
4.775240e-02 4.770630e-01 1.303442e-01 2.333901e-02 2.015105e-03 2.180685e-03 4.775240e-02 8.982224e-05 6.303442e-01 8.273678e-10 2.015105e-03 4.105830e-07
5.056950e-02 4.736472e-01 1.263607e-01 2.446449e-02 1.892441e-03 2.434008e-03 5.056950e-02 8.917909e-05 6.263607e-01 8.672663e-10 1.892441e-03 4.582792e-07
5.348490e-02 4.700617e-01 1.226192e-01 2.557336e-02 1.783894e-03 2.699149e-03 5.348490e-02 8.850401e-05 6.226192e-01 9.065756e-10 1.783894e-03 5.082005e-07
5.649997e-02 4.663234e-01 1.190904e-01 2.666679e-02 1.687262e-03 2.975749e-03 5.649997e-02 8.780017e-05 6.190904e-01 9.453379e-10 1.687262e-03 5.602792e-07
5.961601e-02 4.624459e-01 1.157498e-01 2.774588e-02 1.600770e-03 3.263456e-03 5.961601e-02 8.707010e-05 6.157498e-01 9.835914e-10 1.600770e-03 6.144490e-07
6.283429e-02 4.584396e-01 1.125765e-01 2.881158e-02 1.522969e-03 3.561919e-03 6.283429e-02 8.631580e-05 6.125765e-01 1.021371e-09 1.522969e-03 6.706442e-07
6.615600e-02 4.543132e-01 1.095527e-01 2.986476e-02 1.452672e-03 3.870790e-03 6.615600e-02 8.553887e-05 6.095527e-01 1.058706e-09 1.452672e-03 7.287989e-07
6.958232e-02 4.500736e-01 1.066631e-01 3.090618e-02 1.388893e-03 4.189715e-03 6.958232e-02 8.474063e-05 6.066631e-01 1.095624e-09 1.388893e-03 7.888467e-07
7.311434e-02 4.457263e-01 1.038942e-01 3.193649e-02 1.330812e-03 4.518337e-03 7.311434e-02 8.392212e-05 6.038942e-01 1.132149e-09 1.330812e-03 8.507201e-07
7.675312e-02 4.412760e-01 1.012347e-01 3.295628e-02 1.277738e-03 4.856288e-03 7.675312e-02 8.308420e-05 6.012347e-01 1.168300e-09 1.277738e-03 9.143503e-07
8.049963e-02 4.367265e-01 9.867439e-02 3.396604e-02 1.229088e-03 5.203196e-03 8.049963e-02 8.222760e-05 5.986744e-01 1.204096e-09 1.229088e-03 9.796665e-07
8.435484e-02 4.320807e-01 9.620445e-02 3.496619e-02 1.184364e-03 5.558674e-03 8.435484e-02 8.135289e-05 5.962045e-01 1.239552e-09 1.184364e-03 1.046597e-06
8.831962e-02 4.273413e-01 9.381708e-02 3.595710e-02 1.143142e-03 5.922329e-03 8.831962e-02 8.046055e-05 5.938171e-01 1.274679e-09 1.143142e-03 1.115066e-06
9.239479e-02 4.225104e-01 9.150533e-02 3.693904e-02 1.105055e-03 6.293754e-03 9.239479e-02 7.955098e-05 5.915053e-01 1.309489e-09 1.105055e-03 1.184999e-06
9.658114e-02 4.175898e-01 8.926305e-02 3.791228e-02 1.069787e-03 6.672530e-03 9.658114e-02 7.862452e-05 5.892630e-01 1.343990e-09 1.069787e-03 1.256315e-06
1.008794e-01 4.125808e-01 8.708471e-02 3.887699e-02 1.037063e-03 7.058229e-03 1.008794e-01 7.768143e-05 5.870847e-01 1.378189e-09 1.037063e-03 1.328935e-06
1.052902e-01 4.074848e-01 8.496537e-02 3.983333e-02 1.006641e-03 7.450408e-03 1.052902e-01 7.672194e-05 5.849654e-01 1.412091e-09 1.006641e-03 1.402775e-06
1.098141e-01 4.023027e-01 8.290055e-02 4.078139e-02 9.783114e-04 7.848615e-03 1.098141e-01 7.574624e-05 5.829006e-01 1.445700e-09 9.783114e-04 1.477751e-06
1.144518e-01 3.970354e-01 8.088624e-02 4.172125e-02 9.518883e-04 8.252384e-03 1.144518e-01 7.475449e-05 5.808862e-01 1.479018e-09 9.518883e-04 1.553773e-06
1.192037e-01 3.916834e-01 7.891877e-02 4.265294e-02 9.272076e-04 8.661240e-03 1.192037e-01 7.374682e-05 5.789188e-01 1.512047e-09 9.272076e-04 1.630753e-06
1.240703e-01 3.862474e-01 7.699481e-02 4.357644e-02 9.041238e-04 9.074694e-03 1.240703e-01 7.272332e-05 5.769948e-01 1.544785e-09 9.041238e-04 1.708599e-06
1.290519e-01 3.807278e-01 7.511131e-02 4.449174e-02 8.825074e-04 9.492250e-03 1.290519e-01 7.168407e-05 5.751113e-01 1.577232e-09 8.825074e-04 1.787217e-06
1.341489e-01 3.751249e-01 7.326548e-02 4.539877e-02 8.622430e-04 9.913398e-03 1.341489e-01 7.062916e-05 5.732655e-01 1.609387e-09 8.622430e-04 1.866512e-06
1.393615e-01 3.694391e-01 7.145477e-02 4.629745e-02 8.432270e-04 1.033762e-02 1.393615e-01 6.955862e-05 5.714548e-01 1.641245e-09 8.432270e-04 1.946385e-06
1.446901e-01 3.636704e-01 6.967679e-02 4.718768e-02 8.253666e-04 1.076440e-02 1.446901e-01 6.847248e-05 5.696768e-01 1.672803e-09 8.253666e-04 2.026739e-06
1.501348e-01 3.578191e-01 6.792938e-02 4.806931e-02 8.085784e-04 1.119319e-02 1.501348e-01 6.737079e-05 5.679294e-01 1.704057e-09 8.085784e-04 2.107473e-06
1.556956e-01 3.518852e-01 6.621049e-02 4.894221e-02 7.927868e-04 1.162345e-02 1.556956e-01 6.625354e-05 5.662105e-01 1.735001e-09 7.927868e-04 2.188484e-06
1.613728e-01 3.458687e-01 6.451825e-02 4.980619e-02 7.779239e-04 1.205464e-02 1.613728e-01 6.512075e-05 5.645183e-01 1.765630e-09 7.779239e-04 2.269669e-06
1.671663e-01 3.397697e-01 6.285090e-02 5.066108e-02 7.639278e-04 1.248620e-02 1.671663e-01 6.397242e-05 5.628509e-01 1.795935e-09 7.639278e-04 2.350923e-06
1.730762e-01 3.335881e-01 6.120680e-02 5.150667e-02 7.507426e-04 1.291756e-02 1.730762e-01 6.280853e-05 5.612068e-01 1.825912e-09 7.507426e-04 2.432140e-06
1.791022e-01 3.273237e-01 5.958439e-02 5.234274e-02 7.383173e-04 1.334816e-02 1.791022e-01 6.162907e-05 5.595844e-01 1.855550e-09 7.383173e-04 2.513215e-06
1.852445e-01 3.209765e-01 5.798224e-02 5.316904e-02 7.266056e-04 1.377743e-02 1.852445e-01 6.043401e-05 5.579822e-01 1.884842e-09 7.266056e-04 2.594038e-06
1.915027e-01 3.145463e-01 5.639898e-02 5.398533e-02 7.155652e-04 1.420479e-02 1.915027e-01 5.922332e-05 5.563990e-01 1.913780e-09 7.155652e-04 2.674501e-06
1.978768e-01 3.080330e-01 5.483332e-02 5.479135e-02 7.051574e-04 1.462965e-02 1.978768e-01 5.799698e-05 5.548333e-01 1.942353e-09 7.051574e-04 2.754496e-06
2.043664e-01 3.014363e-01 5.328404e-02 5.558681e-02 6.953469e-04 1.505145e-02 2.043664e-01 5.675493e-05 5.532840e-01 1.970552e-09 6.953469e-04 2.833913e-06
2.109714e-01 2.947559e-01 5.174997e-02 5.637143e-02 6.861014e-04 1.546959e-02 2.109714e-01 5.549714e-05 5.517500e-01 1.998367e-09 6.861014e-04 2.912641e-06
2.176912e-01 2.879916e-01 5.023001e-02 5.714489e-02 6.773915e-04 1.588349e-02 2.176912e-01 5.422356e-05 5.502300e-01 2.025786e-09 6.773915e-04 2.990570e-06
2.245257e-01 2.811432e-01 4.872310e-02 5.790689e-02 6.691898e-04 1.629255e-02 2.245257e-01 5.293412e-05 5.487231e-01 2.052799e-09 6.691898e-04 3.067589e-06
2.314745e-01 2.742103e-01 4.722823e-02 5.865711e-02 6.614717e-04 1.669619e-02 2.314745e-01 5.162878e-05 5.472282e-01 2.079394e-09 6.614717e-04 3.143588e-06
2.385370e-01 2.671925e-01 4.574442e-02 5.939519e-02 6.542143e-04 1.709383e-02 2.385370e-01 5.030746e-05 5.457444e-01 2.105560e-09 6.542143e-04 3.218455e-06
2.457128e-01 2.600895e-01 4.427074e-02 6.012081e-02 6.473969e-04 1.748487e-02 2.457128e-01 4.897009e-05 5.442707e-01 2.131283e-09 6.473969e-04 3.292080e-06
2.530015e-01 2.529008e-01 4.280627e-02 6.083359e-02 6.410003e-04 1.786872e-02 2.530015e-01 4.761660e-05 5.428063e-01 2.156551e-09 6.410003e-04 3.364352e-06
2.604024e-01 2.456261e-01 4.135014e-02 6.153318e-02 6.350070e-04 1.824479e-02 2.604024e-01 4.624690e-05 5.413501e-01 2.181351e-09 6.350070e-04 3.435161e-06
2.679150e-01 2.382649e-01 3.990149e-02 6.221920e-02 6.294013e-04 1.861251e-02 2.679150e-01 4.486092e-05 5.399015e-01 2.205671e-09 6.294013e-04 3.504395e-06
2.755388e-01 2.308166e-01 3.845949e-02 6.289126e-02 6.241684e-04 1.897128e-02 2.755388e-01 4.345855e-05 5.384595e-01 2.229495e-09 6.241684e-04 3.571945e-06
2.832730e-01 2.232809e-01 3.702332e-02 6.354898e-02 6.192952e-04 1.932053e-02 2.832730e-01 4.203970e-05 5.370233e-01 2.252811e-09 6.192952e-04 3.637702e-06
2.911171e-01 2.156570e-01 3.559218e-02 6.419194e-02 6.147698e-04 1.965966e-02 2.911171e-01 4.060427e-05 5.355922e-01 2.275604e-09 6.147698e-04 3.701555e-06
2.990703e-01 2.079444e-01 3.416528e-02 6.481974e-02 6.105813e-04 1.998812e-02 2.990703e-01 3.915214e-05 5.341653e-01 2.297860e-09 6.105813e-04 3.763397e-06
3.071319e-01 2.001426e-01 3.274185e-02 6.543196e-02 6.067201e-04 2.030531e-02 3.071319e-01 3.768319e-05 5.327418e-01 2.319563e-09 6.067201e-04 3.823119e-06
3.153013e-01 1.922507e-01 3.132111e-02 6.602817e-02 6.031775e-04 2.061067e-02 3.153013e-01 3.619729e-05 5.313211e-01 2.340699e-09 6.031775e-04 3.880613e-06
3.235776e-01 1.842682e-01 2.990229e-02 6.660794e-02 5.999461e-04 2.090364e-02 3.235776e-01 3.469433e-05 5.299023e-01 2.361251e-09 5.999461e-04 3.935772e-06
3.319601e-01 1.761941e-01 2.848463e-02 6.717083e-02 5.970192e-04 2.118363e-02 3.319601e-01 3.317413e-05 5.284846e-01 2.381206e-09 5.970192e-04 3.988491e-06
3.404479e-01 1.680278e-01 2.706735e-02 6.771638e-02 5.943913e-04 2.145011e-02 3.404479e-01 3.163657e-05 5.270674e-01 2.400546e-09 5.943913e-04 4.038662e-06
3.490402e-01 1.597684e-01 2.564970e-02 6.824414e-02 5.920575e-04 2.170249e-02 3.490402e-01 3.008147e-05 5.256497e-01 2.419255e-09 5.920575e-04 4.086182e-06
3.577363e-01 1.514149e-01 2.423088e-02 6.875366e-02 5.900144e-04 2.194024e-02 3.577363e-01 2.850866e-05 5.242309e-01 2.437317e-09 5.900144e-04 4.130945e-06
3.665352e-01 1.429664e-01 2.281013e-02 6.924445e-02 5.882589e-04 2.216280e-02 3.665352e-01 2.691797e-05 5.228101e-01 2.454716e-09 5.882589e-04 4.172849e-06
3.754360e-01 1.344219e-01 2.138663e-02 6.971605e-02 5.867894e-04 2.236962e-02 3.754360e-01 2.530918e-05 5.213866e-01 2.471434e-09 5.867894e-04 4.211790e-06
3.844379e-01 1.257802e-01 1.995957e-02 7.016796e-02 5.856050e-04 2.256016e-02 3.844379e-01 2.368211e-05 5.199596e-01 2.487454e-09 5.856050e-04 4.247666e-06
3.935400e-01 1.169832e-01 1.851882e-02 7.060189e-02 5.846952e-04 2.243799e-02 3.935400e-01 2.202579e-05 5.185188e-01 2.502837e-09 5.846952e-04 4.224664e-06
4.027413e-01 1.079266e-01 1.704696e-02 7.102071e-02 5.840399e-04 2.208415e-02 4.027413e-01 2.032061e-05 5.170470e-01 2.517684e-09 5.840399e-04 4.158040e-06
4.120410e-01 9.853899e-02 1.553216e-02 7.142399e-02 5.836138e-04 2.162909e-02 4.120410e-01 1.855309e-05 5.155322e-01 2.531981e-09 5.836138e-04 4.072361e-06
4.214379e-01 8.878715e-02 1.396886e-02 7.180832e-02 5.833859e-04 2.116111e-02 4.214379e-01 1.671700e-05 5.139689e-01 2.545605e-09 5.833859e-04 3.984249e-06
4.309313e-01 7.866718e-02 1.235611e-02 7.216834e-02 5.833190e-04 2.073244e-02 4.309313e-01 1.481159e-05 5.123561e-01 2.558368e-09 5.833190e-04 3.903540e-06
4.405200e-01 6.819580e-02 1.069611e-02 7.249778e-02 5.833719e-04 2.036867e-02 4.405200e-01 1.284002e-05 5.106961e-01 2.570046e-09 5.833719e-04 3.835047e-06
4.502033e-01 5.740291e-02 8.992955e-03 7.279013e-02 5.835022e-04 2.007768e-02 4.502033e-01 1.080792e-05 5.089930e-01 2.580410e-09 5.835022e-04 3.780260e-06
4.599800e-01 4.632514e-02 7.251586e-03 7.303928e-02 5.836700e-04 1.985698e-02 4.599800e-01 8.722177e-06 5.072516e-01 2.589242e-09 5.836700e-04 3.738706e-06
4.698491e-01 3.500145e-02 5.477129e-03 7.323979e-02 5.838398e-04 1.969896e-02 4.698491e-01 6.590133e-06 5.054771e-01 2.596351e-09 5.838398e-04 3.708954e-06
4.798098e-01 2.347003e-02 3.674418e-03 7.338708e-02 5.839829e-04 1.959460e-02 4.798098e-01 4.418978e-06 5.036744e-01 2.601572e-09 5.839829e-04 3.689305e-06
4.898609e-01 1.176717e-02 1.847844e-03 7.347744e-02 5.840779e-04 1.953584e-02 4.898609e-01 2.215542e-06 5.018478e-01 2.604775e-09 5.840779e-04 3.678241e-06
5.000014e-01 -7.264865e-05 1.397460e-06 7.350802e-02 5.841109e-04 1.951706e-02 5.000014e-01 -1.367841e-08 5.000014e-01 2.605859e-09 5.841109e-04 3.674706e-06
5.101391e-01 -1.190906e-02 -1.844518e-03 7.347735e-02 5.840769e-04 1.953592e-02 5.101391e-01 -2.242258e-06 4.981555e-01 2.604772e-09 5.840769e-04 3.678257e-06
5.201902e-01 -2.361187e-02 -3.671087e-03 7.338690e-02 5.839809e-04 1.959475e-02 5.201902e-01 -4.445682e-06 4.963289e-01 2.601566e-09 5.839809e-04 3.689334e-06
5.301509e-01 -3.514317e-02 -5.473784e-03 7.323953e-02 5.838369e-04 1.969919e-02 5.301509e-01 -6.616816e-06 4.945262e-01 2.596341e-09 5.838369e-04 3.708998e-06
5.400200e-01 -4.646659e-02 -7.248204e-03 7.303894e-02 5.836661e-04 1.985730e-02 5.400200e-01 -8.748809e-06 4.927518e-01 2.589230e-09 5.836661e-04 3.738766e-06
5.497967e-01 -5.754409e-02 -8.989537e-03 7.278971e-02 5.834975e-04 2.007811e-02 5.497967e-01 -1.083450e-05 4.910105e-01 2.580395e-09 5.834975e-04 3.780340e-06
5.594799e-01 -6.833670e-02 -1.069266e-02 7.249729e-02 5.833664e-04 2.036920e-02 5.594799e-01 -1.286655e-05 4.893073e-01 2.570029e-09 5.833664e-04 3.835148e-06
5.690687e-01 -7.880770e-02 -1.235261e-02 7.216780e-02 5.833128e-04 2.073309e-02 5.690687e-01 -1.483805e-05 4.876474e-01 2.558348e-09 5.833128e-04 3.903661e-06
5.785621e-01 -8.892725e-02 -1.396530e-02 7.180772e-02 5.833791e-04 2.116184e-02 5.785621e-01 -1.674337e-05 4.860347e-01 2.545584e-09 5.833791e-04 3.984387e-06
5.879591e-01 -9.867865e-02 -1.552854e-02 7.142335e-02 5.836064e-04 2.162986e-02 5.879591e-01 -1.857938e-05 4.844715e-01 2.531958e-09 5.836064e-04 4.072506e-06
5.972587e-01 -1.080659e-01 -1.704329e-02 7.102003e-02 5.840320e-04 2.208486e-02 5.972587e-01 -2.034683e-05 4.829567e-01 2.517660e-09 5.840320e-04 4.158174e-06
6.064600e-01 -1.171221e-01 -1.851510e-02 7.060117e-02 5.846868e-04 2.243850e-02 6.064600e-01 -2.205194e-05 4.814849e-01 2.502812e-09 5.846868e-04 4.224759e-06
6.155621e-01 -1.259189e-01 -1.995583e-02 7.016721e-02 5.855961e-04 2.256026e-02 6.155621e-01 -2.370822e-05 4.800442e-01 2.487428e-09 5.855961e-04 4.247684e-06
6.245639e-01 -1.345604e-01 -2.138286e-02 6.971526e-02 5.867802e-04 2.236972e-02 6.245639e-01 -2.533526e-05 4.786171e-01 2.471406e-09 5.867802e-04 4.211808e-06
6.334648e-01 -1.431048e-01 -2.280636e-02 6.924362e-02 5.882493e-04 2.216289e-02 6.334648e-01 -2.694401e-05 4.771936e-01 2.454686e-09 5.882493e-04 4.172867e-06
6.422637e-01 -1.515531e-01 -2.422710e-02 6.875279e-02 5.900043e-04 2.194033e-02 6.422637e-01 -2.853468e-05 4.757729e-01 2.437286e-09 5.900043e-04 4.130964e-06
6.509597e-01 -1.599064e-01 -2.564590e-02 6.824324e-02 5.920471e-04 2.170259e-02 6.509597e-01 -3.010744e-05 4.743541e-01 2.419223e-09 5.920471e-04 4.086200e-06
6.595521e-01 -1.681656e-01 -2.706354e-02 6.771544e-02 5.943804e-04 2.145020e-02 6.595521e-01 -3.166251e-05 4.729365e-01 2.400512e-09 5.943804e-04 4.038680e-06
6.680399e-01 -1.763317e-01 -2.848080e-02 6.716985e-02 5.970079e-04 2.118373e-02 6.680399e-01 -3.320004e-05 4.715192e-01 2.381171e-09 5.970079e-04 3.988509e-06
6.764224e-01 -1.844056e-01 -2.989845e-02 6.660693e-02 5.999344e-04 2.090373e-02 6.764224e-01 -3.472020e-05 4.701015e-01 2.361216e-09 5.999344e-04 3.935790e-06
6.846987e-01 -1.923879e-01 -3.131726e-02 6.602713e-02 6.031654e-04 2.061077e-02 6.846987e-01 -3.622313e-05 4.686827e-01 2.340662e-09 6.031654e-04 3.880630e-06
6.928680e-01 -2.002796e-01 -3.273798e-02 6.543089e-02 6.067075e-04 2.030540e-02 6.928680e-01 -3.770898e-05 4.672620e-01 2.319525e-09 6.067075e-04 3.823135e-06
7.009297e-01 -2.080812e-01 -3.416140e-02 6.481864e-02 6.105683e-04 1.998821e-02 7.009297e-01 -3.917789e-05 4.658386e-01 2.297821e-09 6.105683e-04 3.763413e-06
7.088829e-01 -2.157936e-01 -3.558829e-02 6.419081e-02 6.147563e-04 1.965975e-02 7.088829e-01 -4.062998e-05 4.644117e-01 2.275564e-09 6.147563e-04 3.701571e-06
7.167270e-01 -2.234172e-01 -3.701941e-02 6.354782e-02 6.192813e-04 1.932061e-02 7.167270e-01 -4.206538e-05 4.629806e-01 2.252770e-09 6.192813e-04 3.637717e-06
7.244612e-01 -2.309527e-01 -3.845556e-02 6.289008e-02 6.241540e-04 1.897136e-02 7.244612e-01 -4.348417e-05 4.615444e-01 2.229453e-09 6.241540e-04 3.571960e-06
7.320850e-01 -2.384007e-01 -3.989755e-02 6.221799e-02 6.293865e-04 1.861259e-02 7.320850e-01 -4.488650e-05 4.601025e-01 2.205628e-09 6.293865e-04 3.504409e-06
7.395976e-01 -2.457617e-01 -4.134618e-02 6.153195e-02 6.349918e-04 1.824487e-02 7.395976e-01 -4.627243e-05 4.586538e-01 2.181308e-09 6.349918e-04 3.435174e-06
7.469986e-01 -2.530362e-01 -4.280230e-02 6.083234e-02 6.409846e-04 1.786879e-02 7.469986e-01 -4.764208e-05 4.571977e-01 2.156506e-09 6.409846e-04 3.364365e-06
7.542872e-01 -2.602246e-01 -4.426675e-02 6.011953e-02 6.473807e-04 1.748493e-02 7.542872e-01 -4.899552e-05 4.557333e-01 2.131237e-09 6.473807e-04 3.292093e-06
7.614631e-01 -2.673273e-01 -4.574042e-02 5.939389e-02 6.541977e-04 1.709389e-02 7.614631e-01 -5.033285e-05 4.542596e-01 2.105513e-09 6.541977e-04 3.218467e-06
7.685255e-01 -2.743448e-01 -4.722421e-02 5.865579e-02 6.614546e-04 1.669625e-02 7.685255e-01 -5.165412e-05 4.527758e-01 2.079348e-09 6.614546e-04 3.143599e-06
7.754743e-01 -2.812775e-01 -4.871906e-02 5.790556e-02 6.691722e-04 1.629260e-02 7.754743e-01 -5.295941e-05 4.512809e-01 2.052752e-09 6.691722e-04 3.067599e-06
7.823088e-01 -2.881257e-01 -5.022595e-02 5.714354e-02 6.773734e-04 1.588353e-02 7.823088e-01 -5.424879e-05 4.497740e-01 2.025739e-09 6.773734e-04 2.990579e-06
7.890286e-01 -2.948896e-01 -5.174589e-02 5.637006e-02 6.860829e-04 1.546963e-02 7.890286e-01 -5.552232e-05 4.482541e-01 1.998319e-09 6.860829e-04 2.912649e-06
7.956336e-01 -3.015697e-01 -5.327994e-02 5.558543e-02 6.953278e-04 1.505149e-02 7.956336e-01 -5.678005e-05 4.467201e-01 1.970504e-09 6.953278e-04 2.833920e-06
8.021232e-01 -3.081661e-01 -5.482921e-02 5.478996e-02 7.051378e-04 1.462969e-02 8.021232e-01 -5.802204e-05 4.451708e-01 1.942304e-09 7.051378e-04 2.754503e-06
8.084972e-01 -3.146792e-01 -5.639485e-02 5.398393e-02 7.155451e-04 1.420482e-02 8.084972e-01 -5.924833e-05 4.436052e-01 1.913730e-09 7.155451e-04 2.674507e-06
8.147555e-01 -3.211090e-01 -5.797809e-02 5.316763e-02 7.265851e-04 1.377745e-02 8.147555e-01 -6.045896e-05 4.420219e-01 1.884792e-09 7.265851e-04 2.594042e-06
8.208978e-01 -3.274559e-01 -5.958023e-02 5.234131e-02 7.382963e-04 1.334818e-02 8.208978e-01 -6.165396e-05 4.404198e-01 1.855500e-09 7.382963e-04 2.513218e-06
8.269239e-01 -3.337200e-01 -6.120261e-02 5.150524e-02 7.507210e-04 1.291757e-02 8.269239e-01 -6.283336e-05 4.387974e-01 1.825861e-09 7.507210e-04 2.432143e-06
8.328336e-01 -3.399012e-01 -6.284669e-02 5.065965e-02 7.639056e-04 1.248621e-02 8.328336e-01 -6.399718e-05 4.371533e-01 1.795885e-09 7.639056e-04 2.350925e-06
8.386272e-01 -3.460000e-01 -6.451405e-02 4.980475e-02 7.779013e-04 1.205464e-02 8.386272e-01 -6.514547e-05 4.354860e-01 1.765578e-09 7.779013e-04 2.269669e-06
8.443044e-01 -3.520161e-01 -6.620626e-02 4.894076e-02 7.927637e-04 1.162345e-02 8.443044e-01 -6.627819e-05 4.337937e-01 1.734950e-09 7.927637e-04 2.188483e-06
8.498653e-01 -3.579497e-01 -6.792513e-02 4.806786e-02 8.085547e-04 1.119318e-02 8.498653e-01 -6.739537e-05 4.320749e-01 1.704006e-09 8.085547e-04 2.107471e-06
8.553099e-01 -3.638006e-01 -6.967253e-02 4.718622e-02 8.253424e-04 1.076438e-02 8.553099e-01 -6.849700e-05 4.303275e-01 1.672752e-09 8.253424e-04 2.026736e-06
8.606385e-01 -3.695689e-01 -7.145050e-02 4.629599e-02 8.432024e-04 1.033760e-02 8.606385e-01 -6.958307e-05 4.285495e-01 1.641193e-09 8.432024e-04 1.946381e-06
8.658512e-01 -3.752544e-01 -7.326120e-02 4.539731e-02 8.622178e-04 9.913368e-03 8.658512e-01 -7.065354e-05 4.267388e-01 1.609335e-09 8.622178e-04 1.866506e-06
8.709481e-01 -3.808569e-01 -7.510701e-02 4.449028e-02 8.824817e-04 9.492215e-03 8.709481e-01 -7.170839e-05 4.248930e-01 1.577181e-09 8.824817e-04 1.787210e-06
8.759297e-01 -3.863761e-01 -7.699048e-02 4.357499e-02 9.040974e-04 9.074657e-03 8.759297e-01 -7.274755e-05 4.230095e-01 1.544733e-09 9.040974e-04 1.708592e-06
8.807963e-01 -3.918118e-01 -7.891445e-02 4.265148e-02 9.271810e-04 8.661193e-03 8.807963e-01 -7.377099e-05 4.210856e-01 1.511995e-09 9.271810e-04 1.630744e-06
8.855482e-01 -3.971633e-01 -8.088189e-02 4.171981e-02 9.518610e-04 8.252335e-03 8.855482e-01 -7.477859e-05 4.191181e-01 1.478967e-09 9.518610e-04 1.553764e-06
8.901858e-01 -4.024303e-01 -8.289619e-02 4.077996e-02 9.782835e-04 7.848563e-03 8.901858e-01 -7.577026e-05 4.171038e-01 1.445649e-09 9.782835e-04 1.477741e-06
8.947098e-01 -4.076120e-01 -8.496101e-02 3.983189e-02 1.006613e-03 7.450347e-03 8.947098e-01 -7.674588e-05 4.150390e-01 1.412041e-09 1.006613e-03 1.402764e-06
8.991206e-01 -4.127076e-01 -8.708035e-02 3.887556e-02 1.037034e-03 7.058163e-03 8.991206e-01 -7.770529e-05 4.129197e-01 1.378139e-09 1.037034e-03 1.328923e-06
9.034188e-01 -4.177161e-01 -8.925867e-02 3.791086e-02 1.069758e-03 6.672462e-03 9.034188e-01 -7.864829e-05 4.107413e-01 1.343940e-09 1.069758e-03 1.256303e-06
9.076052e-01 -4.226363e-01 -9.150097e-02 3.693763e-02 1.105026e-03 6.293677e-03 9.076052e-01 -7.957468e-05 4.084990e-01 1.309439e-09 1.105026e-03 1.184984e-06
9.116804e-01 -4.274667e-01 -9.381272e-02 3.595569e-02 1.143113e-03 5.922249e-03 9.116804e-01 -8.048416e-05 4.061873e-01 1.274629e-09 1.143113e-03 1.115051e-06
9.156452e-01 -4.322057e-01 -9.620010e-02 3.496479e-02 1.184335e-03 5.558589e-03 9.156452e-01 -8.137642e-05 4.037999e-01 1.239502e-09 1.184335e-03 1.046581e-06
9.195003e-01 -4.368509e-01 -9.867002e-02 3.396466e-02 1.229058e-03 5.203110e-03 9.195003e-01 -8.225103e-05 4.013300e-01 1.204047e-09 1.229058e-03 9.796505e-07
9.232469e-01 -4.414000e-01 -1.012303e-01 3.295492e-02 1.277708e-03 4.856200e-03 9.232469e-01 -8.310754e-05 3.987697e-01 1.168252e-09 1.277708e-03 9.143337e-07
9.268857e-01 -4.458498e-01 -1.038899e-01 3.193513e-02 1.330783e-03 4.518243e-03 9.268857e-01 -8.394535e-05 3.961101e-01 1.132100e-09 1.330783e-03 8.507025e-07
9.304177e-01 -4.501965e-01 -1.066587e-01 3.090484e-02 1.388864e-03 4.189621e-03 9.304177e-01 -8.476376e-05 3.933413e-01 1.095577e-09 1.388864e-03 7.888290e-07
9.338440e-01 -4.544355e-01 -1.095485e-01 2.986344e-02 1.452644e-03 3.870694e-03 9.338440e-01 -8.556189e-05 3.904515e-01 1.058659e-09 1.452644e-03 7.287809e-07
9.371657e-01 -4.585614e-01 -1.125723e-01 2.881026e-02 1.522943e-03 3.561817e-03 9.371657e-01 -8.633872e-05 3.874277e-01 1.021324e-09 1.522943e-03 6.706250e-07
9.403840e-01 -4.625670e-01 -1.157456e-01 2.774459e-02 1.600744e-03 3.263357e-03 9.403840e-01 -8.709290e-05 3.842544e-01 9.835457e-10 1.600744e-03 6.144303e-07
9.435000e-01 -4.664439e-01 -1.190863e-01 2.666552e-02 1.687239e-03 2.975647e-03 9.435000e-01 -8.782285e-05 3.809137e-01 9.452925e-10 1.687239e-03 5.602599e-07
9.465151e-01 -4.701814e-01 -1.226151e-01 2.557211e-02 1.783873e-03 2.699049e-03 9.465151e-01 -8.852655e-05 3.773849e-01 9.065313e-10 1.783873e-03 5.081816e-07
9.494305e-01 -4.737662e-01 -1.263568e-01 2.446325e-02 1.892425e-03 2.433904e-03 9.494305e-01 -8.920150e-05 3.736432e-01 8.672222e-10 1.892425e-03 4.582596e-07
9.522476e-01 -4.771812e-01 -1.303404e-01 2.333779e-02 2.015094e-03 2.180583e-03 9.522476e-01 -8.984450e-05 3.696596e-01 8.273247e-10 2.015094e-03 4.105639e-07
9.549678e-01 -4.804050e-01 -1.346006e-01 2.219443e-02 2.154631e-03 1.939453e-03 9.549678e-01 -9.045148e-05 3.653994e-01 7.867927e-10 2.154631e-03 3.651636e-07
9.575926e-01 -4.834099e-01 -1.391791e-01 2.103178e-02 2.314517e-03 1.710897e-03 9.575926e-01 -9.101725e-05 3.608209e-01 7.455765e-10 2.314517e-03 3.221306e-07
9.601234e-01 -4.861597e-01 -1.441258e-01 1.984849e-02 2.499175e-03 1.495337e-03 9.601234e-01 -9.153498e-05 3.558742e-01 7.036291e-10 2.499175e-03 2.815446e-07
9.625619e-01 -4.886073e-01 -1.495016e-01 1.864319e-02 2.714324e-03 1.293203e-03 9.625619e-01 -9.199582e-05 3.504984e-01 6.609012e-10 2.714324e-03 2.434865e-07
9.649096e-01 -4.906901e-01 -1.553794e-01 1.741483e-02 2.967376e-03 1.104981e-03 9.649096e-01 -9.238797e-05 3.446206e-01 6.173557e-10 2.967376e-03 2.080477e-07
9.671681e-01 -4.923248e-01 -1.618484e-01 1.616269e-02 3.268079e-03 9.311701e-04 9.671681e-01 -9.269575e-05 3.381516e-01 5.729672e-10 3.268079e-03 1.753223e-07
9.693391e-01 -4.933994e-01 -1.690149e-01 1.488703e-02 3.629269e-03 7.723198e-04 9.693391e-01 -9.289808e-05 3.309851e-01 5.277453e-10 3.629269e-03 1.454137e-07
9.714243e-01 -4.937636e-01 -1.770050e-01 1.358945e-02 4.067981e-03 6.289718e-04 9.714243e-01 -9.296666e-05 3.229950e-01 4.817461e-10 4.067981e-03 1.184239e-07
9.734255e-01 -4.932158e-01 -1.859638e-01 1.227378e-02 4.606762e-03 5.016383e-04 9.734255e-01 -9.286352e-05 3.140362e-01 4.351055e-10 4.606762e-03 9.444932e-08
9.753444e-01 -4.914899e-01 -1.960473e-01 1.094724e-02 5.275149e-03 3.907312e-04 9.753444e-01 -9.253855e-05 3.039527e-01 3.880797e-10 5.275149e-03 7.356754e-08
9.771829e-01 -4.882445e-01 -2.074096e-01 9.621335e-03 6.111325e-03 2.964204e-04 9.771829e-01 -9.192750e-05 2.925904e-01 3.410763e-10 6.111325e-03 5.581053e-08
9.789427e-01 -4.830648e-01 -2.201726e-01 8.312729e-03 7.163321e-03 2.184929e-04 9.789427e-01 -9.095226e-05 2.798274e-01 2.946863e-10 7.163321e-03 4.113821e-08
9.806257e-01 -4.754886e-01 -2.343861e-01 7.043048e-03 8.489807e-03 1.561964e-04 9.806257e-01 -8.952580e-05 2.656139e-01 2.496760e-10 8.489807e-03 2.940892e-08
9.822339e-01 -4.650685e-01 -2.499850e-01 5.837353e-03 1.016082e-02 1.081671e-04 9.822339e-01 -8.756389e-05 2.500150e-01 2.069342e-10 1.016082e-02 2.036589e-08
9.837691e-01 -4.514620e-01 -2.667691e-01 4.721151e-03 1.226099e-02 7.249872e-05 9.837691e-01 -8.500203e-05 2.332309e-01 1.673648e-10 1.226099e-02 1.365018e-08
9.852332e-01 -4.345238e-01 -2.844149e-01 3.717471e-03 1.489788e-02 4.698199e-05 9.852332e-01 -8.181289e-05 2.155851e-01 1.317844e-10 1.489788e-02 8.845849e-09
9.866283e-01 -4.143443e-01 -3.025356e-01 2.843524e-03 1.822164e-02 2.938174e-05 9.866283e-01 -7.801346e-05 1.974644e-01 1.008029e-10 1.822164e-02 5.532044e-09
9.879562e-01 -3.912258e-01 -3.207464e-01 2.108633e-03 2.245749e-02 1.767860e-05 9.879562e-01 -7.366066e-05 1.792536e-01 7.475104e-11 2.245749e-02 3.328556e-09
9.892188e-01 -3.656058e-01 -3.387197e-01 1.512968e-03 2.795694e-02 1.018939e-05 9.892188e-01 -6.883687e-05 1.612803e-01 5.363473e-11 2.795694e-02 1.918476e-09
9.904183e-01 -3.379698e-01 -3.562108e-01 1.048004e-03 3.527867e-02 5.593181e-06 9.904183e-01 -6.363353e-05 1.437892e-01 3.715174e-11 3.527867e-02 1.053094e-09
9.915564e-01 -3.087886e-01 -3.730568e-01 6.986531e-04 4.532470e-02 2.902249e-06 9.915564e-01 -5.813924e-05 1.269432e-01 2.476725e-11 4.532470e-02 5.464404e-10
9.926353e-01 -2.784799e-01 -3.891643e-01 4.461700e-04 5.959316e-02 1.409652e-06 9.926353e-01 -5.243267e-05 1.108357e-01 1.581673e-11 5.959316e-02 2.654117e-10
9.936569e-01 -2.474046e-01 -4.044878e-01 2.710160e-04 8.067539e-02 6.325019e-07 9.936569e-01 -4.658176e-05 9.551224e-02 9.607515e-12 8.067539e-02 1.190885e-10
9.946231e-01 -2.158638e-01 -4.190165e-01 1.548691e-04 1.133262e-01 2.573015e-07 9.946231e-01 -4.064321e-05 8.098353e-02 5.490108e-12 1.133262e-01 4.844516e-11
9.955360e-01 -1.841166e-01 -4.327577e-01 8.184514e-05 1.669474e-01 9.230418e-08 9.955360e-01 -3.466579e-05 6.724228e-02 2.901410e-12 1.669474e-01 1.737919e-11
9.963974e-01 -1.523844e-01 -4.457309e-01 3.891699e-05 2.620729e-01 2.795923e-08 9.963974e-01 -2.869119e-05 5.426915e-02 1.379607e-12 2.620729e-01 5.264211e-12
9.972093e-01 -1.208624e-01 -4.579601e-01 1.589055e-05 4.498934e-01 6.650241e-09 9.972093e-01 -2.275618e-05 4.203993e-02 5.633200e-13 4.498934e-01 1.252119e-12
9.979736e-01 -8.971987e-02 -4.694735e-01 5.110080e-06 8.841206e-01 1.088239e-09 9.979736e-01 -1.689261e-05 3.052647e-02 1.811523e-13 8.841206e-01 2.048955e-13
9.986922e-01 -5.910864e-02 -4.802993e-01 1.080071e-06 2.173117e+00 9.357878e-11 9.986922e-01 -1.112908e-05 1.970068e-02 3.828853e-14 2.173117e+00 1.761917e-14
9.993671e-01 -2.916084e-02 -4.904662e-01 9.711939e-08 8.081599e+00 2.262647e-12 9.993671e-01 -5.490452e-06 9.533766e-03 3.442883e-15 8.081599e+00 4.260150e-16
1.000000e+00 0.000000e+00 -5.000000e-01 0.000000e+00 7.080493e+01 0.000000e+00 1.000000e+00 0.000000e+00 0.000000e+00 0.000000e+00 7.080493e+01 0.000000e+00
