0.000000e+00 0.000000e+00 5.000000e-01 0.000000e+00 7.079790e+01 0.000000e+00 0.000000e+00 0.000000e+00 1.000000e+00 0.000000e+00 7.079790e+01 0.000000e+00
6.329114e-04 3.307536e-02 4.912402e-01 8.102829e-08 8.081025e+00 1.887903e-12 6.329114e-04 6.227485e-06 9.912402e-01 2.872453e-15 8.081025e+00 3.554576e-16
1.307763e-03 6.719096e-02 4.819000e-01 9.009725e-07 2.173178e+00 7.805948e-11 1.307763e-03 1.265083e-05 9.819000e-01 3.193948e-14 2.173178e+00 1.469717e-14
2.026410e-03 1.022385e-01 4.719537e-01 4.262577e-06 8.842188e-01 9.076574e-10 2.026410e-03 1.924965e-05 9.719537e-01 1.511084e-13 8.842188e-01 1.708953e-13
2.790735e-03 1.380919e-01 4.613754e-01 1.325426e-05 4.500600e-01 5.544910e-09 2.790735e-03 2.600017e-05 9.613754e-01 4.698636e-13 4.500600e-01 1.044005e-12
3.602639e-03 1.746058e-01 4.501394e-01 3.245460e-05 2.623365e-01 2.329308e-08 3.602639e-03 3.287508e-05 9.501394e-01 1.150515e-12 2.623365e-01 4.385661e-12
4.464042e-03 2.116144e-01 4.382203e-01 6.822268e-05 1.673335e-01 7.676360e-08 4.464042e-03 3.984312e-05 9.382203e-01 2.418494e-12 1.673335e-01 1.445318e-11
5.376881e-03 2.489275e-01 4.255950e-01 1.289813e-04 1.138475e-01 2.133108e-07 5.376881e-03 4.686849e-05 9.255950e-01 4.572388e-12 1.138475e-01 4.016253e-11
6.343107e-03 2.863252e-01 4.122442e-01 2.253824e-04 8.133931e-02 5.217098e-07 6.343107e-03 5.390979e-05 9.122442e-01 7.989808e-12 8.133931e-02 9.822841e-11
7.364680e-03 3.235494e-01 3.981570e-01 3.701985e-04 6.039917e-02 1.154019e-06 7.364680e-03 6.091843e-05 8.981570e-01 1.312354e-11 6.039917e-02 2.172807e-10
8.443566e-03 3.602937e-01 3.833370e-01 5.777479e-04 4.626519e-02 2.351221e-06 8.443566e-03 6.783671e-05 8.833370e-01 2.048116e-11 4.626519e-02 4.426919e-10
9.581740e-03 3.961923e-01 3.678109e-01 8.626906e-04 3.633602e-02 4.470202e-06 9.581740e-03 7.459576e-05 8.678109e-01 3.058238e-11 3.633602e-02 8.416572e-10
1.078118e-02 4.308141e-01 3.516395e-01 1.238189e-03 2.910451e-02 8.010068e-06 1.078118e-02 8.111441e-05 8.516395e-01 4.389382e-11 2.910451e-02 1.508149e-09
1.204384e-02 4.636672e-01 3.349296e-01 1.713767e-03 2.365909e-02 1.363839e-05 1.204384e-02 8.730005e-05 8.349296e-01 6.075305e-11 2.365909e-02 2.567859e-09
1.337171e-02 4.942216e-01 3.178436e-01 2.293580e-03 1.943330e-02 2.222167e-05 1.337171e-02 9.305289e-05 8.178436e-01 8.130741e-11 1.943330e-02 4.183934e-09
1.476674e-02 5.219534e-01 3.006047e-01 2.975959e-03 1.607109e-02 3.486510e-05 1.476674e-02 9.827428e-05 8.006047e-01 1.054978e-10 1.607109e-02 6.564461e-09
1.623089e-02 5.464092e-01 2.834906e-01 3.754623e-03 1.334849e-02 5.295944e-05 1.623089e-02 1.028789e-04 7.834906e-01 1.331014e-10 1.334849e-02 9.971294e-09
1.776609e-02 5.672771e-01 2.668148e-01 4.620886e-03 1.112399e-02 7.821207e-05 1.776609e-02 1.068079e-04 7.668148e-01 1.638104e-10 1.112399e-02 1.472590e-08
1.937427e-02 5.844466e-01 2.508935e-01 5.565443e-03 9.304793e-03 1.126165e-04 1.937427e-02 1.100406e-04 7.508935e-01 1.972950e-10 9.304793e-03 2.120363e-08
2.105733e-02 5.980317e-01 2.360019e-01 6.578640e-03 7.823999e-03 1.583129e-04 2.105733e-02 1.125984e-04 7.360019e-01 2.332128e-10 7.823999e-03 2.980742e-08
2.281715e-02 6.083437e-01 2.223337e-01 7.649672e-03 6.626893e-03 2.173411e-04 2.281715e-02 1.145400e-04 7.223337e-01 2.711809e-10 6.626893e-03 4.092135e-08
2.465561e-02 6.158226e-01 2.099780e-01 8.766143e-03 5.664691e-03 2.913676e-04 2.465561e-02 1.159481e-04 7.099780e-01 3.107598e-10 5.664691e-03 5.485918e-08
2.657452e-02 6.209524e-01 1.989236e-01 9.914829e-03 4.893260e-03 3.815011e-04 2.657452e-02 1.169140e-04 6.989236e-01 3.514807e-10 4.893260e-03 7.182967e-08
2.857570e-02 6.241932e-01 1.890843e-01 1.108320e-02 4.273885e-03 4.882599e-04 2.857570e-02 1.175242e-04 6.890843e-01 3.928994e-10 4.273885e-03 9.193041e-08
3.066092e-02 6.259415e-01 1.803328e-01 1.226071e-02 3.774078e-03 6.116649e-04 3.066092e-02 1.178533e-04 6.803328e-01 4.346422e-10 3.774078e-03 1.151653e-07
3.283193e-02 6.265183e-01 1.725283e-01 1.343940e-02 3.367629e-03 7.513883e-04 3.283193e-02 1.179619e-04 6.725283e-01 4.764268e-10 3.367629e-03 1.414727e-07
3.509044e-02 6.261733e-01 1.655354e-01 1.461380e-02 3.033995e-03 9.068949e-04 3.509044e-02 1.178970e-04 6.655354e-01 5.180592e-10 3.033995e-03 1.707517e-07
3.743810e-02 6.250969e-01 1.592326e-01 1.578048e-02 2.757349e-03 1.077549e-03 3.743810e-02 1.176943e-04 6.592326e-01 5.594181e-10 2.757349e-03 2.028828e-07
3.987656e-02 6.234325e-01 1.535152e-01 1.693757e-02 2.525604e-03 1.262683e-03 3.987656e-02 1.173809e-04 6.535152e-01 6.004369e-10 2.525604e-03 2.377402e-07
4.240741e-02 6.212881e-01 1.482951e-01 1.808426e-02 2.329540e-03 1.461636e-03 4.240741e-02 1.169772e-04 6.482951e-01 6.410870e-10 2.329540e-03 2.751993e-07
4.503219e-02 6.187450e-01 1.434992e-01 1.922044e-02 2.162104e-03 1.673768e-03 4.503219e-02 1.164984e-04 6.434992e-01 6.813645e-10 2.162104e-03 3.151399e-07
4.775240e-02 6.158649e-01 1.390667e-01 2.034643e-02 2.017866e-03 1.898473e-03 4.775240e-02 1.159561e-04 6.390667e-01 7.212811e-10 2.017866e-03 3.574478e-07
5.056950e-02 6.126948e-01 1.349472e-01 2.146284e-02 1.892617e-03 2.135173e-03 5.056950e-02 1.153592e-04 6.349472e-01 7.608576e-10 1.892617e-03 4.020140e-07
5.348490e-02 6.092710e-01 1.310991e-01 2.257037e-02 1.783059e-03 2.383315e-03 5.348490e-02 1.147146e-04 6.310991e-01 8.001195e-10 1.783059e-03 4.487346e-07
5.649997e-02 6.056215e-01 1.274873e-01 2.366980e-02 1.686591e-03 2.642369e-03 5.649997e-02 1.140275e-04 6.274873e-01 8.390943e-10 1.686591e-03 4.975097e-07
5.961601e-02 6.017682e-01 1.240828e-01 2.476190e-02 1.601136e-03 2.911819e-03 5.961601e-02 1.133019e-04 6.240828e-01 8.778095e-10 1.601136e-03 5.482422e-07
6.283429e-02 5.977283e-01 1.208607e-01 2.584744e-02 1.525026e-03 3.191162e-03 6.283429e-02 1.125413e-04 6.208607e-01 9.162916e-10 1.525026e-03 6.008375e-07
6.615600e-02 5.935153e-01 1.178002e-01 2.692710e-02 1.456904e-03 3.479903e-03 6.615600e-02 1.117481e-04 6.178002e-01 9.545657e-10 1.456904e-03 6.552020e-07
6.958232e-02 5.891399e-01 1.148835e-01 2.800155e-02 1.395662e-03 3.777550e-03 6.958232e-02 1.109243e-04 6.148835e-01 9.926548e-10 1.395662e-03 7.112435e-07
7.311434e-02 5.846106e-01 1.120952e-01 2.907136e-02 1.340385e-03 4.083611e-03 7.311434e-02 1.100715e-04 6.120952e-01 1.030580e-09 1.340385e-03 7.688693e-07
7.675312e-02 5.799343e-01 1.094221e-01 3.013708e-02 1.290311e-03 4.397597e-03 7.675312e-02 1.091910e-04 6.094221e-01 1.068360e-09 1.290311e-03 8.279870e-07
8.049963e-02 5.751164e-01 1.068527e-01 3.119918e-02 1.244803e-03 4.719011e-03 8.049963e-02 1.082839e-04 6.068527e-01 1.106011e-09 1.244803e-03 8.885035e-07
8.435484e-02 5.701610e-01 1.043771e-01 3.225806e-02 1.203324e-03 5.047357e-03 8.435484e-02 1.073509e-04 6.043771e-01 1.143548e-09 1.203324e-03 9.503250e-07
8.831962e-02 5.650715e-01 1.019863e-01 3.331409e-02 1.165419e-03 5.382131e-03 8.831962e-02 1.063926e-04 6.019863e-01 1.180984e-09 1.165419e-03 1.013357e-06
9.239479e-02 5.598506e-01 9.967269e-02 3.436757e-02 1.130699e-03 5.722825e-03 9.239479e-02 1.054096e-04 5.996727e-01 1.218330e-09 1.130699e-03 1.077503e-06
9.658114e-02 5.545003e-01 9.742941e-02 3.541876e-02 1.098829e-03 6.068923e-03 9.658114e-02 1.044023e-04 5.974294e-01 1.255595e-09 1.098829e-03 1.142667e-06
1.008794e-01 5.490220e-01 9.525034e-02 3.646788e-02 1.069524e-03 6.419905e-03 1.008794e-01 1.033708e-04 5.952503e-01 1.292786e-09 1.069524e-03 1.208751e-06
1.052902e-01 5.434168e-01 9.313003e-02 3.751508e-02 1.042532e-03 6.775243e-03 1.052902e-01 1.023154e-04 5.931300e-01 1.329910e-09 1.042532e-03 1.275654e-06
1.098141e-01 5.376854e-01 9.106359e-02 3.856052e-02 1.017638e-03 7.134407e-03 1.098141e-01 1.012363e-04 5.910636e-01 1.366970e-09 1.017638e-03 1.343278e-06
1.144518e-01 5.318282e-01 8.904662e-02 3.960426e-02 9.946521e-04 7.496857e-03 1.144518e-01 1.001335e-04 5.890466e-01 1.403971e-09 9.946521e-04 1.411521e-06
1.192037e-01 5.258454e-01 8.707514e-02 4.064638e-02 9.734073e-04 7.862050e-03 1.192037e-01 9.900707e-05 5.870751e-01 1.440914e-09 9.734073e-04 1.480280e-06
1.240703e-01 5.197369e-01 8.514553e-02 4.168689e-02 9.537573e-04 8.229436e-03 1.240703e-01 9.785695e-05 5.851455e-01 1.477800e-09 9.537573e-04 1.549452e-06
1.290519e-01 5.135024e-01 8.325450e-02 4.272578e-02 9.355727e-04 8.598464e-03 1.290519e-01 9.668311e-05 5.832545e-01 1.514629e-09 9.355727e-04 1.618934e-06
1.341489e-01 5.071416e-01 8.139904e-02 4.376301e-02 9.187388e-04 8.968578e-03 1.341489e-01 9.548548e-05 5.813990e-01 1.551399e-09 9.187388e-04 1.688619e-06
1.393615e-01 5.006537e-01 7.957639e-02 4.479852e-02 9.031535e-04 9.339219e-03 1.393615e-01 9.426393e-05 5.795764e-01 1.588107e-09 9.031535e-04 1.758404e-06
1.446901e-01 4.940381e-01 7.778401e-02 4.583221e-02 8.887260e-04 9.709824e-03 1.446901e-01 9.301834e-05 5.777840e-01 1.624752e-09 8.887260e-04 1.828182e-06
1.501348e-01 4.872940e-01 7.601955e-02 4.686396e-02 8.753751e-04 1.007983e-02 1.501348e-01 9.174854e-05 5.760196e-01 1.661327e-09 8.753751e-04 1.897848e-06
1.556956e-01 4.804204e-01 7.428084e-02 4.789363e-02 8.630282e-04 1.044868e-02 1.556956e-01 9.045437e-05 5.742808e-01 1.697829e-09 8.630282e-04 1.967295e-06
1.613728e-01 4.734163e-01 7.256586e-02 4.892106e-02 8.516201e-04 1.081579e-02 1.613728e-01 8.913562e-05 5.725659e-01 1.734252e-09 8.516201e-04 2.036416e-06
1.671663e-01 4.662805e-01 7.087271e-02 4.994605e-02 8.410925e-04 1.118062e-02 1.671663e-01 8.779208e-05 5.708727e-01 1.770588e-09 8.410925e-04 2.105106e-06
1.730762e-01 4.590118e-01 6.919966e-02 5.096840e-02 8.313928e-04 1.154259e-02 1.730762e-01 8.642352e-05 5.691997e-01 1.806830e-09 8.313928e-04 2.173258e-06
1.791022e-01 4.516089e-01 6.754501e-02 5.198788e-02 8.224737e-04 1.190114e-02 1.791022e-01 8.502970e-05 5.675450e-01 1.842970e-09 8.224737e-04 2.240767e-06
1.852445e-01 4.440705e-01 6.590726e-02 5.300424e-02 8.142929e-04 1.225571e-02 1.852445e-01 8.361036e-05 5.659073e-01 1.879000e-09 8.142929e-04 2.307526e-06
1.915027e-01 4.363951e-01 6.428485e-02 5.401722e-02 8.068121e-04 1.260574e-02 1.915027e-01 8.216522e-05 5.642848e-01 1.914911e-09 8.068121e-04 2.373430e-06
1.978768e-01 4.285812e-01 6.267650e-02 5.502654e-02 7.999969e-04 1.295067e-02 1.978768e-01 8.069400e-05 5.626765e-01 1.950691e-09 7.999969e-04 2.438375e-06
2.043664e-01 4.206272e-01 6.108073e-02 5.603190e-02 7.938166e-04 1.328996e-02 2.043664e-01 7.919640e-05 5.610807e-01 1.986331e-09 7.938166e-04 2.502256e-06
2.109714e-01 4.125313e-01 5.949648e-02 5.703300e-02 7.882435e-04 1.362305e-02 2.109714e-01 7.767211e-05 5.594965e-01 2.021820e-09 7.882435e-04 2.564971e-06
2.176912e-01 4.042920e-01 5.792228e-02 5.802950e-02 7.832530e-04 1.394939e-02 2.176912e-01 7.612079e-05 5.579223e-01 2.057146e-09 7.832530e-04 2.626415e-06
2.245257e-01 3.959074e-01 5.635729e-02 5.902108e-02 7.788232e-04 1.426845e-02 2.245257e-01 7.454211e-05 5.563573e-01 2.092297e-09 7.788232e-04 2.686488e-06
2.314745e-01 3.873755e-01 5.479995e-02 6.000739e-02 7.749347e-04 1.457968e-02 2.314745e-01 7.293571e-05 5.547999e-01 2.127262e-09 7.749347e-04 2.745088e-06
2.385370e-01 3.786944e-01 5.324975e-02 6.098808e-02 7.715707e-04 1.488256e-02 2.385370e-01 7.130123e-05 5.532497e-01 2.162027e-09 7.715707e-04 2.802114e-06
2.457128e-01 3.698621e-01 5.170486e-02 6.196278e-02 7.687163e-04 1.517656e-02 2.457128e-01 6.963826e-05 5.517049e-01 2.196581e-09 7.687163e-04 2.857468e-06
2.530015e-01 3.608764e-01 5.016527e-02 6.293113e-02 7.663591e-04 1.546115e-02 2.530015e-01 6.794643e-05 5.501653e-01 2.230909e-09 7.663591e-04 2.911051e-06
2.604024e-01 3.517352e-01 4.862866e-02 6.389276e-02 7.644885e-04 1.573581e-02 2.604024e-01 6.622530e-05 5.486287e-01 2.264998e-09 7.644885e-04 2.962765e-06
2.679150e-01 3.424360e-01 4.709571e-02 6.484728e-02 7.630960e-04 1.600004e-02 2.679150e-01 6.447444e-05 5.470957e-01 2.298836e-09 7.630960e-04 3.012514e-06
2.755388e-01 3.329765e-01 4.556329e-02 6.579433e-02 7.621752e-04 1.625332e-02 2.755388e-01 6.269339e-05 5.455633e-01 2.332409e-09 7.621752e-04 3.060203e-06
2.832730e-01 3.233542e-01 4.403319e-02 6.673355e-02 7.617215e-04 1.649516e-02 2.832730e-01 6.088168e-05 5.440332e-01 2.365704e-09 7.617215e-04 3.105736e-06
2.911171e-01 3.135127e-01 4.250106e-02 6.766903e-02 7.617257e-04 1.654178e-02 2.911171e-01 5.902871e-05 5.425011e-01 2.398867e-09 7.617257e-04 3.114515e-06
2.990703e-01 3.033209e-01 4.093677e-02 6.861054e-02 7.621684e-04 1.633849e-02 2.990703e-01 5.710978e-05 5.409368e-01 2.432244e-09 7.621684e-04 3.076239e-06
3.071319e-01 2.926647e-01 3.932426e-02 6.956410e-02 7.630125e-04 1.604015e-02 3.071319e-01 5.510341e-05 5.393243e-01 2.466047e-09 7.630125e-04 3.020067e-06
3.153013e-01 2.814994e-01 3.765912e-02 7.052750e-02 7.641973e-04 1.574721e-02 3.153013e-01 5.300119e-05 5.376591e-01 2.500200e-09 7.641973e-04 2.964911e-06
3.235776e-01 2.698314e-01 3.594358e-02 7.149327e-02 7.656435e-04 1.551327e-02 3.235776e-01 5.080432e-05 5.359436e-01 2.534436e-09 7.656435e-04 2.920866e-06
3.319601e-01 2.577000e-01 3.418477e-02 7.245126e-02 7.672638e-04 1.535886e-02 3.319601e-01 4.852020e-05 5.341848e-01 2.568397e-09 7.672638e-04 2.891792e-06
3.404479e-01 2.451613e-01 3.239107e-02 7.339082e-02 7.689737e-04 1.528405e-02 3.404479e-01 4.615939e-05 5.323911e-01 2.601705e-09 7.689737e-04 2.877706e-06
3.490402e-01 2.322752e-01 3.057113e-02 7.430228e-02 7.707015e-04 1.527803e-02 3.490402e-01 4.373317e-05 5.305711e-01 2.634016e-09 7.707015e-04 2.876574e-06
3.577363e-01 2.190966e-01 2.873209e-02 7.517767e-02 7.723920e-04 1.532547e-02 3.577363e-01 4.125189e-05 5.287321e-01 2.665048e-09 7.723920e-04 2.885505e-06
3.665352e-01 2.056710e-01 2.687956e-02 7.601093e-02 7.740075e-04 1.541037e-02 3.665352e-01 3.872409e-05 5.268796e-01 2.694588e-09 7.740075e-04 2.901491e-06
3.754360e-01 1.920326e-01 2.501723e-02 7.679774e-02 7.755252e-04 1.551827e-02 3.754360e-01 3.615623e-05 5.250172e-01 2.722480e-09 7.755252e-04 2.921807e-06
3.844379e-01 1.782055e-01 2.314735e-02 7.753510e-02 7.769333e-04 1.563727e-02 3.844379e-01 3.355284e-05 5.231473e-01 2.748619e-09 7.769333e-04 2.944211e-06
3.935400e-01 1.642052e-01 2.127082e-02 7.822095e-02 7.782275e-04 1.575828e-02 3.935400e-01 3.091683e-05 5.212708e-01 2.772933e-09 7.782275e-04 2.966995e-06
4.027413e-01 1.500406e-01 1.938776e-02 7.885382e-02 7.794076e-04 1.587490e-02 4.027413e-01 2.824991e-05 5.193878e-01 2.795368e-09 7.794076e-04 2.988953e-06
4.120410e-01 1.357168e-01 1.749762e-02 7.943252e-02 7.804755e-04 1.598297e-02 4.120410e-01 2.555299e-05 5.174976e-01 2.815883e-09 7.804755e-04 3.009301e-06
4.214379e-01 1.212358e-01 1.559956e-02 7.995597e-02 7.814334e-04 1.608011e-02 4.214379e-01 2.282649e-05 5.155996e-01 2.834439e-09 7.814334e-04 3.027590e-06
4.309313e-01 1.065987e-01 1.369249e-02 8.042309e-02 7.822828e-04 1.616518e-02 4.309313e-01 2.007058e-05 5.136925e-01 2.850998e-09 7.822828e-04 3.043607e-06
4.405200e-01 9.180591e-02 1.177532e-02 8.083268e-02 7.830246e-04 1.623788e-02 4.405200e-01 1.728537e-05 5.117753e-01 2.865519e-09 7.830246e-04 3.057296e-06
4.502033e-01 7.685831e-02 9.846890e-03 8.118347e-02 7.836583e-04 1.629840e-02 4.502033e-01 1.447101e-05 5.098469e-01 2.877954e-09 7.836583e-04 3.068690e-06
4.599800e-01 6.175719e-02 7.906127e-03 8.147404e-02 7.841825e-04 1.634714e-02 4.599800e-01 1.162775e-05 5.079061e-01 2.888255e-09 7.841825e-04 3.077868e-06
4.698491e-01 4.650468e-02 5.951969e-03 8.170289e-02 7.845952e-04 1.638457e-02 4.698491e-01 8.755980e-06 5.059520e-01 2.896367e-09 7.845952e-04 3.084914e-06
4.798098e-01 3.110353e-02 3.983408e-03 8.186842e-02 7.848937e-04 1.641107e-02 4.798098e-01 5.856226e-06 5.039834e-01 2.902235e-09 7.848937e-04 3.089904e-06
4.898609e-01 1.555715e-02 1.999427e-03 8.196897e-02 7.850748e-04 1.642692e-02 4.898609e-01 2.929127e-06 5.019994e-01 2.905800e-09 7.850748e-04 3.092888e-06
5.000014e-01 -1.304733e-04 -9.642168e-07 8.200282e-02 7.851355e-04 1.643222e-02 5.000014e-01 -2.456573e-08 4.999990e-01 2.907000e-09 7.851355e-04 3.093886e-06
5.101391e-01 -1.581361e-02 -2.000784e-03 8.196884e-02 7.850735e-04 1.642692e-02 5.101391e-01 -2.977414e-06 4.979992e-01 2.905795e-09 7.850735e-04 3.092888e-06
5.201902e-01 -3.136001e-02 -3.984768e-03 8.186815e-02 7.848910e-04 1.641107e-02 5.201902e-01 -5.904515e-06 4.960152e-01 2.902226e-09 7.848910e-04 3.089903e-06
5.301509e-01 -4.676114e-02 -5.953330e-03 8.170250e-02 7.845913e-04 1.638456e-02 5.301509e-01 -8.804268e-06 4.940467e-01 2.896353e-09 7.845913e-04 3.084913e-06
5.400200e-01 -6.201349e-02 -7.907470e-03 8.147352e-02 7.841773e-04 1.634713e-02 5.400200e-01 -1.167601e-05 4.920925e-01 2.888236e-09 7.841773e-04 3.077865e-06
5.497967e-01 -7.711452e-02 -9.848226e-03 8.118283e-02 7.836518e-04 1.629838e-02 5.497967e-01 -1.451925e-05 4.901518e-01 2.877931e-09 7.836518e-04 3.068686e-06
5.594799e-01 -9.206206e-02 -1.177665e-02 8.083191e-02 7.830168e-04 1.623785e-02 5.594799e-01 -1.733360e-05 4.882233e-01 2.865491e-09 7.830168e-04 3.057290e-06
5.690687e-01 -1.068547e-01 -1.369382e-02 8.042219e-02 7.822737e-04 1.616514e-02 5.690687e-01 -2.011879e-05 4.863062e-01 2.850967e-09 7.822737e-04 3.043600e-06
5.785621e-01 -1.214917e-01 -1.560087e-02 7.995495e-02 7.814230e-04 1.608006e-02 5.785621e-01 -2.287467e-05 4.843991e-01 2.834403e-09 7.814230e-04 3.027581e-06
5.879591e-01 -1.359725e-01 -1.749893e-02 7.943137e-02 7.804638e-04 1.598291e-02 5.879591e-01 -2.560114e-05 4.825011e-01 2.815842e-09 7.804638e-04 3.009290e-06
5.972587e-01 -1.502963e-01 -1.938906e-02 7.885255e-02 7.793945e-04 1.587483e-02 5.972587e-01 -2.829804e-05 4.806109e-01 2.795323e-09 7.793945e-04 2.988940e-06
6.064600e-01 -1.644606e-01 -2.127210e-02 7.821957e-02 7.782131e-04 1.575821e-02 6.064600e-01 -3.096492e-05 4.787279e-01 2.772884e-09 7.782131e-04 2.966982e-06
6.155621e-01 -1.784608e-01 -2.314862e-02 7.753359e-02 7.769175e-04 1.563720e-02 6.155621e-01 -3.360090e-05 4.768514e-01 2.748566e-09 7.769175e-04 2.944199e-06
6.245639e-01 -1.922876e-01 -2.501847e-02 7.679612e-02 7.755081e-04 1.551823e-02 6.245639e-01 -3.620423e-05 4.749815e-01 2.722422e-09 7.755081e-04 2.921798e-06
6.334648e-01 -2.059257e-01 -2.688079e-02 7.600919e-02 7.739890e-04 1.541036e-02 6.334648e-01 -3.877204e-05 4.731192e-01 2.694526e-09 7.739890e-04 2.901489e-06
6.422637e-01 -2.193510e-01 -2.873328e-02 7.517581e-02 7.723720e-04 1.532553e-02 6.422637e-01 -4.129978e-05 4.712667e-01 2.664983e-09 7.723720e-04 2.885516e-06
6.509597e-01 -2.325291e-01 -3.057229e-02 7.430032e-02 7.706802e-04 1.527819e-02 6.509597e-01 -4.378097e-05 4.694277e-01 2.633947e-09 7.706802e-04 2.876603e-06
6.595521e-01 -2.454147e-01 -3.239216e-02 7.338878e-02 7.689512e-04 1.528433e-02 6.595521e-01 -4.620709e-05 4.676078e-01 2.601632e-09 7.689512e-04 2.877760e-06
6.680399e-01 -2.579527e-01 -3.418580e-02 7.244914e-02 7.672400e-04 1.535931e-02 6.680399e-01 -4.856778e-05 4.658142e-01 2.568322e-09 7.672400e-04 2.891877e-06
6.764224e-01 -2.700834e-01 -3.594452e-02 7.149110e-02 7.656187e-04 1.551391e-02 6.764224e-01 -5.085177e-05 4.640555e-01 2.534359e-09 7.656187e-04 2.920985e-06
6.846987e-01 -2.817505e-01 -3.765995e-02 7.052530e-02 7.641716e-04 1.574802e-02 6.846987e-01 -5.304846e-05 4.623401e-01 2.500122e-09 7.641716e-04 2.965065e-06
6.928680e-01 -2.929148e-01 -3.932496e-02 6.956188e-02 7.629861e-04 1.604110e-02 6.928680e-01 -5.515049e-05 4.606750e-01 2.465969e-09 7.629861e-04 3.020245e-06
7.009297e-01 -3.035700e-01 -4.093735e-02 6.860832e-02 7.621415e-04 1.633942e-02 7.009297e-01 -5.715667e-05 4.590627e-01 2.432165e-09 7.621415e-04 3.076414e-06
7.088829e-01 -3.137609e-01 -4.250151e-02 6.766681e-02 7.616984e-04 1.654245e-02 7.088829e-01 -5.907544e-05 4.574985e-01 2.398788e-09 7.616984e-04 3.114641e-06
7.167270e-01 -3.236019e-01 -4.403359e-02 6.673130e-02 7.616938e-04 1.649520e-02 7.167270e-01 -6.092831e-05 4.559664e-01 2.365625e-09 7.616938e-04 3.105744e-06
7.244612e-01 -3.332237e-01 -4.556365e-02 6.579206e-02 7.621472e-04 1.625336e-02 7.244612e-01 -6.273992e-05 4.544364e-01 2.332329e-09 7.621472e-04 3.060210e-06
7.320850e-01 -3.426828e-01 -4.709602e-02 6.484497e-02 7.630676e-04 1.600006e-02 7.320850e-01 -6.452090e-05 4.529040e-01 2.298754e-09 7.630676e-04 3.012519e-06
7.395976e-01 -3.519815e-01 -4.862894e-02 6.389042e-02 7.644596e-04 1.573583e-02 7.395976e-01 -6.627168e-05 4.513711e-01 2.264915e-09 7.644596e-04 2.962769e-06
7.469986e-01 -3.611223e-01 -5.016551e-02 6.292877e-02 7.663298e-04 1.546115e-02 7.469986e-01 -6.799273e-05 4.498345e-01 2.230825e-09 7.663298e-04 2.911053e-06
7.542872e-01 -3.701075e-01 -5.170507e-02 6.196039e-02 7.686866e-04 1.517656e-02 7.542872e-01 -6.968448e-05 4.482949e-01 2.196496e-09 7.686866e-04 2.857468e-06
7.614631e-01 -3.789394e-01 -5.324991e-02 6.098566e-02 7.715405e-04 1.488255e-02 7.614631e-01 -7.134736e-05 4.467501e-01 2.161942e-09 7.715405e-04 2.802112e-06
7.685255e-01 -3.876200e-01 -5.480007e-02 6.000495e-02 7.749041e-04 1.457967e-02 7.685255e-01 -7.298176e-05 4.451999e-01 2.127175e-09 7.749041e-04 2.745084e-06
7.754743e-01 -3.961514e-01 -5.635737e-02 5.901862e-02 7.787920e-04 1.426842e-02 7.754743e-01 -7.458807e-05 4.436426e-01 2.092210e-09 7.787920e-04 2.686483e-06
7.823088e-01 -4.045357e-01 -5.792231e-02 5.802702e-02 7.832213e-04 1.394936e-02 7.823088e-01 -7.616666e-05 4.420777e-01 2.057058e-09 7.832213e-04 2.626409e-06
7.890286e-01 -4.127745e-01 -5.949648e-02 5.703050e-02 7.882113e-04 1.362301e-02 7.890286e-01 -7.771789e-05 4.405035e-01 2.021731e-09 7.882113e-04 2.564963e-06
7.956336e-01 -4.208698e-01 -6.108068e-02 5.602939e-02 7.937839e-04 1.328991e-02 7.956336e-01 -7.924209e-05 4.389193e-01 1.986242e-09 7.937839e-04 2.502247e-06
8.021232e-01 -4.288234e-01 -6.267640e-02 5.502401e-02 7.999637e-04 1.295061e-02 8.021232e-01 -8.073960e-05 4.373236e-01 1.950601e-09 7.999637e-04 2.438364e-06
8.084972e-01 -4.366368e-01 -6.428471e-02 5.401467e-02 8.067784e-04 1.260567e-02 8.084972e-01 -8.221073e-05 4.357153e-01 1.914820e-09 8.067784e-04 2.373417e-06
8.147555e-01 -4.443117e-01 -6.590707e-02 5.300168e-02 8.142587e-04 1.225563e-02 8.147555e-01 -8.365577e-05 4.340929e-01 1.878910e-09 8.142587e-04 2.307511e-06
8.208978e-01 -4.518496e-01 -6.754478e-02 5.198531e-02 8.224390e-04 1.190105e-02 8.208978e-01 -8.507502e-05 4.324552e-01 1.842879e-09 8.224390e-04 2.240751e-06
8.269239e-01 -4.592520e-01 -6.919940e-02 5.096582e-02 8.313575e-04 1.154250e-02 8.269239e-01 -8.646874e-05 4.308006e-01 1.806738e-09 8.313575e-04 2.173241e-06
8.328336e-01 -4.665201e-01 -7.087239e-02 4.994347e-02 8.410566e-04 1.118052e-02 8.328336e-01 -8.783719e-05 4.291276e-01 1.770496e-09 8.410566e-04 2.105087e-06
8.386272e-01 -4.736554e-01 -7.256552e-02 4.891846e-02 8.515838e-04 1.081568e-02 8.386272e-01 -8.918065e-05 4.274345e-01 1.734160e-09 8.515838e-04 2.036395e-06
8.443044e-01 -4.806590e-01 -7.428045e-02 4.789104e-02 8.629913e-04 1.044856e-02 8.443044e-01 -9.049929e-05 4.257196e-01 1.697737e-09 8.629913e-04 1.967272e-06
8.498653e-01 -4.875320e-01 -7.601912e-02 4.686136e-02 8.753377e-04 1.007970e-02 8.498653e-01 -9.179336e-05 4.239809e-01 1.661235e-09 8.753377e-04 1.897824e-06
8.553099e-01 -4.942756e-01 -7.778353e-02 4.582961e-02 8.886881e-04 9.709688e-03 8.553099e-01 -9.306305e-05 4.222165e-01 1.624660e-09 8.886881e-04 1.828157e-06
8.606385e-01 -5.008906e-01 -7.957588e-02 4.479591e-02 9.031153e-04 9.339072e-03 8.606385e-01 -9.430854e-05 4.204241e-01 1.588015e-09 9.031153e-04 1.758376e-06
8.658512e-01 -5.073779e-01 -8.139849e-02 4.376041e-02 9.187001e-04 8.968423e-03 8.658512e-01 -9.552998e-05 4.186015e-01 1.551306e-09 9.187001e-04 1.688590e-06
8.709481e-01 -5.137382e-01 -8.325391e-02 4.272318e-02 9.355336e-04 8.598302e-03 8.709481e-01 -9.672750e-05 4.167461e-01 1.514537e-09 9.355336e-04 1.618903e-06
8.759297e-01 -5.199720e-01 -8.514489e-02 4.168431e-02 9.537177e-04 8.229268e-03 8.759297e-01 -9.790122e-05 4.148551e-01 1.477709e-09 9.537177e-04 1.549421e-06
8.807963e-01 -5.260800e-01 -8.707448e-02 4.064380e-02 9.733676e-04 7.861870e-03 8.807963e-01 -9.905124e-05 4.129255e-01 1.440823e-09 9.733676e-04 1.480246e-06
8.855482e-01 -5.320621e-01 -8.904592e-02 3.960170e-02 9.946121e-04 7.496673e-03 8.855482e-01 -1.001776e-04 4.109541e-01 1.403880e-09 9.946121e-04 1.411486e-06
8.901858e-01 -5.379186e-01 -9.106285e-02 3.855797e-02 1.017598e-03 7.134218e-03 8.901858e-01 -1.012802e-04 4.089372e-01 1.366880e-09 1.017598e-03 1.343243e-06
8.947098e-01 -5.436494e-01 -9.312928e-02 3.751254e-02 1.042492e-03 6.775044e-03 8.947098e-01 -1.023592e-04 4.068707e-01 1.329819e-09 1.042492e-03 1.275617e-06
8.991206e-01 -5.492540e-01 -9.524957e-02 3.646534e-02 1.069484e-03 6.419698e-03 8.991206e-01 -1.034145e-04 4.047504e-01 1.292696e-09 1.069484e-03 1.208712e-06
9.034188e-01 -5.547316e-01 -9.742860e-02 3.541625e-02 1.098790e-03 6.068712e-03 9.034188e-01 -1.044458e-04 4.025714e-01 1.255506e-09 1.098790e-03 1.142627e-06
9.076052e-01 -5.600813e-01 -9.967189e-02 3.436506e-02 1.130660e-03 5.722605e-03 9.076052e-01 -1.054531e-04 4.003281e-01 1.218241e-09 1.130660e-03 1.077462e-06
9.116804e-01 -5.653014e-01 -1.019855e-01 3.331160e-02 1.165381e-03 5.381906e-03 9.116804e-01 -1.064359e-04 3.980145e-01 1.180896e-09 1.165381e-03 1.013314e-06
9.156452e-01 -5.703901e-01 -1.043762e-01 3.225559e-02 1.203287e-03 5.047127e-03 9.156452e-01 -1.073940e-04 3.956238e-01 1.143461e-09 1.203287e-03 9.502816e-07
9.195003e-01 -5.753447e-01 -1.068519e-01 3.119674e-02 1.244767e-03 4.718779e-03 9.195003e-01 -1.083269e-04 3.931481e-01 1.105924e-09 1.244767e-03 8.884598e-07
9.232469e-01 -5.801619e-01 -1.094213e-01 3.013467e-02 1.290276e-03 4.397362e-03 9.232469e-01 -1.092339e-04 3.905787e-01 1.068274e-09 1.290276e-03 8.279428e-07
9.268857e-01 -5.848373e-01 -1.120944e-01 2.906896e-02 1.340353e-03 4.083371e-03 9.268857e-01 -1.101142e-04 3.879056e-01 1.030495e-09 1.340353e-03 7.688241e-07
9.304177e-01 -5.893657e-01 -1.148828e-01 2.799917e-02 1.395633e-03 3.777309e-03 9.304177e-01 -1.109668e-04 3.851172e-01 9.925707e-10 1.395633e-03 7.111982e-07
9.338440e-01 -5.937401e-01 -1.177995e-01 2.692476e-02 1.456879e-03 3.479662e-03 9.338440e-01 -1.117904e-04 3.822005e-01 9.544827e-10 1.456879e-03 6.551566e-07
9.371657e-01 -5.979523e-01 -1.208601e-01 2.584511e-02 1.525006e-03 3.190916e-03 9.371657e-01 -1.125835e-04 3.791399e-01 9.162090e-10 1.525006e-03 6.007910e-07
9.403840e-01 -6.019911e-01 -1.240822e-01 2.475962e-02 1.601122e-03 2.911577e-03 9.403840e-01 -1.133439e-04 3.759178e-01 8.777285e-10 1.601122e-03 5.481966e-07
9.435000e-01 -6.058433e-01 -1.274870e-01 2.366754e-02 1.686585e-03 2.642125e-03 9.435000e-01 -1.140692e-04 3.725130e-01 8.390142e-10 1.686585e-03 4.974639e-07
9.465151e-01 -6.094916e-01 -1.310988e-01 2.256815e-02 1.783062e-03 2.383077e-03 9.465151e-01 -1.147561e-04 3.689012e-01 8.000411e-10 1.783062e-03 4.486898e-07
9.494305e-01 -6.129141e-01 -1.349472e-01 2.146065e-02 1.892634e-03 2.134935e-03 9.494305e-01 -1.154005e-04 3.650528e-01 7.607799e-10 1.892634e-03 4.019692e-07
9.522476e-01 -6.160828e-01 -1.390669e-01 2.034429e-02 2.017900e-03 1.898242e-03 9.522476e-01 -1.159971e-04 3.609331e-01 7.212051e-10 2.017900e-03 3.574042e-07
9.549678e-01 -6.189613e-01 -1.434997e-01 1.921836e-02 2.162156e-03 1.673546e-03 9.549678e-01 -1.165391e-04 3.565003e-01 6.812907e-10 2.162156e-03 3.150982e-07
9.575926e-01 -6.215027e-01 -1.482960e-01 1.808222e-02 2.329621e-03 1.461420e-03 9.575926e-01 -1.170176e-04 3.517040e-01 6.410147e-10 2.329621e-03 2.751587e-07
9.601234e-01 -6.236450e-01 -1.535164e-01 1.693561e-02 2.525716e-03 1.262481e-03 9.601234e-01 -1.174209e-04 3.464836e-01 6.003674e-10 2.525716e-03 2.377022e-07
9.625619e-01 -6.253071e-01 -1.592344e-01 1.577858e-02 2.757507e-03 1.077358e-03 9.625619e-01 -1.177339e-04 3.407656e-01 5.593506e-10 2.757507e-03 2.028468e-07
9.649096e-01 -6.263808e-01 -1.655379e-01 1.461199e-02 3.034205e-03 9.067200e-04 9.649096e-01 -1.179361e-04 3.344621e-01 5.179951e-10 3.034205e-03 1.707188e-07
9.671681e-01 -6.267227e-01 -1.725316e-01 1.343768e-02 3.367917e-03 7.512276e-04 9.671681e-01 -1.180004e-04 3.274684e-01 4.763657e-10 3.367917e-03 1.414424e-07
9.693391e-01 -6.261422e-01 -1.803369e-01 1.225912e-02 3.774453e-03 6.115247e-04 9.693391e-01 -1.178911e-04 3.196631e-01 4.345858e-10 3.774453e-03 1.151389e-07
9.714243e-01 -6.243896e-01 -1.890894e-01 1.108176e-02 4.274374e-03 4.881406e-04 9.714243e-01 -1.175611e-04 3.109106e-01 3.928483e-10 4.274374e-03 9.190794e-08
9.734255e-01 -6.211434e-01 -1.989300e-01 9.913527e-03 4.893910e-03 3.814003e-04 9.734255e-01 -1.169499e-04 3.010700e-01 3.514345e-10 4.893910e-03 7.181070e-08
9.753444e-01 -6.160072e-01 -2.099856e-01 8.765034e-03 5.665519e-03 2.912881e-04 9.753444e-01 -1.159829e-04 2.900144e-01 3.107204e-10 5.665519e-03 5.484423e-08
9.771829e-01 -6.085208e-01 -2.223424e-01 7.648776e-03 6.627926e-03 2.172817e-04 9.771829e-01 -1.145733e-04 2.776576e-01 2.711491e-10 6.627926e-03 4.091017e-08
9.789427e-01 -5.982003e-01 -2.360115e-01 6.577966e-03 7.825253e-03 1.582713e-04 9.789427e-01 -1.126302e-04 2.639885e-01 2.331889e-10 7.825253e-03 2.979959e-08
9.806257e-01 -5.846057e-01 -2.509037e-01 5.564978e-03 9.306270e-03 1.125892e-04 9.806257e-01 -1.100706e-04 2.490963e-01 1.972785e-10 9.306270e-03 2.119849e-08
9.822339e-01 -5.674265e-01 -2.668248e-01 4.620631e-03 1.112561e-02 7.819633e-05 9.822339e-01 -1.068360e-04 2.331752e-01 1.638014e-10 1.112561e-02 1.472294e-08
9.837691e-01 -5.465475e-01 -2.835008e-01 3.754487e-03 1.335032e-02 5.295026e-05 9.837691e-01 -1.029049e-04 2.164992e-01 1.330966e-10 1.335032e-02 9.969565e-09
9.852332e-01 -5.220812e-01 -3.006143e-01 2.975933e-03 1.607299e-02 3.486065e-05 9.852332e-01 -9.829834e-05 1.993857e-01 1.054968e-10 1.607299e-02 6.563623e-09
9.866283e-01 -4.943384e-01 -3.178526e-01 2.293607e-03 1.943527e-02 2.221968e-05 9.866283e-01 -9.307487e-05 1.821474e-01 8.130838e-11 1.943527e-02 4.183559e-09
9.879562e-01 -4.637730e-01 -3.349379e-01 1.713817e-03 2.366108e-02 1.363764e-05 9.879562e-01 -8.731997e-05 1.650621e-01 6.075480e-11 2.366108e-02 2.567717e-09
9.892188e-01 -4.309096e-01 -3.516470e-01 1.238247e-03 2.910642e-02 8.009912e-06 9.892188e-01 -8.113239e-05 1.483530e-01 4.389585e-11 2.910642e-02 1.508120e-09
9.904183e-01 -3.962777e-01 -3.678175e-01 8.627422e-04 3.633780e-02 4.470249e-06 9.904183e-01 -7.461183e-05 1.321825e-01 3.058421e-11 3.633780e-02 8.416661e-10
9.915564e-01 -3.603700e-01 -3.833425e-01 5.777926e-04 4.626661e-02 2.351331e-06 9.915564e-01 -6.785107e-05 1.166575e-01 2.048275e-11 4.626661e-02 4.427125e-10
9.926353e-01 -3.236158e-01 -3.981619e-01 3.702275e-04 6.040056e-02 1.154083e-06 9.926353e-01 -6.093093e-05 1.018381e-01 1.312456e-11 6.040056e-02 2.172927e-10
9.936569e-01 -2.863830e-01 -4.122482e-01 2.254023e-04 8.134027e-02 5.217497e-07 9.936569e-01 -5.392068e-05 8.775178e-02 7.990513e-12 8.134027e-02 9.823593e-11
9.946231e-01 -2.489758e-01 -4.255987e-01 1.289912e-04 1.138491e-01 2.133240e-07 9.946231e-01 -4.687759e-05 7.440130e-02 4.572737e-12 1.138491e-01 4.016501e-11
9.955360e-01 -2.116541e-01 -4.382236e-01 6.822727e-05 1.673364e-01 7.676745e-08 9.955360e-01 -3.985059e-05 6.177641e-02 2.418657e-12 1.673364e-01 1.445391e-11
9.963974e-01 -1.746374e-01 -4.501421e-01 3.245643e-05 2.623424e-01 2.329387e-08 9.963974e-01 -3.288104e-05 4.985786e-02 1.150580e-12 2.623424e-01 4.385810e-12
9.972093e-01 -1.381177e-01 -4.613772e-01 1.325540e-05 4.500629e-01 5.545350e-09 9.972093e-01 -2.600504e-05 3.862284e-02 4.699038e-13 4.500629e-01 1.044088e-12
9.979736e-01 -1.022582e-01 -4.719547e-01 4.263026e-06 8.842129e-01 9.077590e-10 9.979736e-01 -1.925335e-05 2.804532e-02 1.511243e-13 8.842129e-01 1.709144e-13
9.986922e-01 -6.720410e-02 -4.819005e-01 9.010604e-07 2.173157e+00 7.806787e-11 9.986922e-01 -1.265330e-05 1.809948e-02 3.194259e-14 2.173157e+00 1.469875e-14
9.993671e-01 -3.307945e-02 -4.912411e-01 8.102326e-08 8.081609e+00 1.887649e-12 9.993671e-01 -6.228255e-06 8.758911e-03 2.872275e-15 8.081609e+00 3.554098e-16
1.000000e+00 0.000000e+00 -5.000000e-01 0.000000e+00 7.080493e+01 0.000000e+00 1.000000e+00 0.000000e+00 0.000000e+00 0.000000e+00 7.080493e+01 0.000000e+00
