0.000000e+00 0.000000e+00 5.000000e-01 0.000000e+00 7.079790e+01 0.000000e+00 0.000000e+00 0.000000e+00 1.000000e+00 0.000000e+00 7.079790e+01 0.000000e+00
6.329114e-04 3.338622e-02 4.913735e-01 7.819897e-08 8.081026e+00 1.821976e-12 6.329114e-04 6.286015e-06 9.913735e-01 2.772153e-15 8.081026e+00 3.430447e-16
1.307763e-03 6.783317e-02 4.821754e-01 8.695155e-07 2.173182e+00 7.533372e-11 1.307763e-03 1.277174e-05 9.821754e-01 3.082433e-14 2.173182e+00 1.418396e-14
2.026410e-03 1.032333e-01 4.723804e-01 4.113785e-06 8.842267e-01 8.759635e-10 2.026410e-03 1.943694e-05 9.723804e-01 1.458337e-13 8.842267e-01 1.649279e-13
2.790735e-03 1.394610e-01 4.619630e-01 1.279174e-05 4.500747e-01 5.351224e-09 2.790735e-03 2.625796e-05 9.619630e-01 4.534672e-13 4.500747e-01 1.007538e-12
3.602639e-03 1.763719e-01 4.508975e-01 3.132235e-05 2.623600e-01 2.247838e-08 3.602639e-03 3.320761e-05 9.508975e-01 1.110377e-12 2.623600e-01 4.232267e-12
4.464042e-03 2.138007e-01 4.391591e-01 6.584260e-05 1.673677e-01 7.407019e-08 4.464042e-03 4.025476e-05 9.391591e-01 2.334120e-12 1.673677e-01 1.394606e-11
5.376881e-03 2.515577e-01 4.267246e-01 1.244790e-04 1.138939e-01 2.057803e-07 5.376881e-03 4.736372e-05 9.267246e-01 4.412782e-12 1.138939e-01 3.874466e-11
6.343107e-03 2.894241e-01 4.135746e-01 2.175032e-04 8.139916e-02 5.030994e-07 6.343107e-03 5.449326e-05 9.135746e-01 7.710488e-12 8.139916e-02 9.472441e-11
7.364680e-03 3.271429e-01 3.996977e-01 3.572192e-04 6.047301e-02 1.112196e-06 7.364680e-03 6.159503e-05 8.996977e-01 1.266342e-11 6.047301e-02 2.094062e-10
8.443566e-03 3.644095e-01 3.850958e-01 5.573985e-04 4.635301e-02 2.264102e-06 8.443566e-03 6.861165e-05 8.850958e-01 1.975978e-11 4.635301e-02 4.262890e-10
9.581740e-03 4.008609e-01 3.697928e-01 8.321060e-04 3.643708e-02 4.299750e-06 9.581740e-03 7.547477e-05 8.697928e-01 2.949816e-11 3.643708e-02 8.095642e-10
1.078118e-02 4.360693e-01 3.538448e-01 1.193921e-03 2.921722e-02 7.693869e-06 1.078118e-02 8.210388e-05 8.538448e-01 4.232450e-11 2.921722e-02 1.448615e-09
1.204384e-02 4.695469e-01 3.373516e-01 1.651878e-03 2.378088e-02 1.307851e-05 1.204384e-02 8.840709e-05 8.373516e-01 5.855908e-11 2.378088e-02 2.462444e-09
1.337171e-02 5.007664e-01 3.204664e-01 2.209826e-03 1.956050e-02 2.127092e-05 1.337171e-02 9.428515e-05 8.204664e-01 7.833832e-11 1.956050e-02 4.004925e-09
1.476674e-02 5.292029e-01 3.034010e-01 2.866032e-03 1.619900e-02 3.331201e-05 1.476674e-02 9.963922e-05 8.034010e-01 1.016008e-10 1.619900e-02 6.272041e-09
1.623089e-02 5.543943e-01 2.864224e-01 3.614433e-03 1.347178e-02 5.051535e-05 1.623089e-02 1.043823e-04 7.864224e-01 1.281316e-10 1.347178e-02 9.511116e-09
1.776609e-02 5.760101e-01 2.698360e-01 4.446898e-03 1.123736e-02 7.450769e-05 1.776609e-02 1.084522e-04 7.698360e-01 1.576425e-10 1.123736e-02 1.402843e-08
1.937427e-02 5.939112e-01 2.539545e-01 5.355092e-03 9.403916e-03 1.072177e-04 1.937427e-02 1.118226e-04 7.539545e-01 1.898380e-10 9.403916e-03 2.018712e-08
2.105733e-02 6.081782e-01 2.390556e-01 6.330763e-03 7.906312e-03 1.507614e-04 2.105733e-02 1.145088e-04 7.390556e-01 2.244256e-10 7.906312e-03 2.838562e-08
2.281715e-02 6.190941e-01 2.253405e-01 7.364727e-03 6.691864e-03 2.072133e-04 2.281715e-02 1.165641e-04 7.253405e-01 2.610796e-10 6.691864e-03 3.901448e-08
2.465561e-02 6.270818e-01 2.129096e-01 8.446024e-03 5.713517e-03 2.783280e-04 2.465561e-02 1.180680e-04 7.129096e-01 2.994116e-10 5.713517e-03 5.240407e-08
2.657452e-02 6.326229e-01 2.017636e-01 9.562330e-03 4.928198e-03 3.653286e-04 2.657452e-02 1.191113e-04 7.017636e-01 3.389846e-10 4.928198e-03 6.878469e-08
2.857570e-02 6.361857e-01 1.918275e-01 1.070139e-02 4.297563e-03 4.688416e-04 2.857570e-02 1.197821e-04 6.918275e-01 3.793644e-10 4.297563e-03 8.827430e-08
3.066092e-02 6.381803e-01 1.829817e-01 1.185249e-02 3.789011e-03 5.889683e-04 3.066092e-02 1.201577e-04 6.829817e-01 4.201708e-10 3.789011e-03 1.108920e-07
3.283193e-02 6.389424e-01 1.750905e-01 1.300724e-02 3.375974e-03 7.254279e-04 3.283193e-02 1.203012e-04 6.750905e-01 4.611068e-10 3.375974e-03 1.365848e-07
3.509044e-02 6.387354e-01 1.680201e-01 1.415970e-02 3.037484e-03 8.777041e-04 3.509044e-02 1.202622e-04 6.680201e-01 5.019613e-10 3.037484e-03 1.652556e-07
3.743810e-02 6.377605e-01 1.616494e-01 1.530601e-02 2.757320e-03 1.045161e-03 3.743810e-02 1.200786e-04 6.616494e-01 5.425982e-10 2.757320e-03 1.967846e-07
3.987656e-02 6.361696e-01 1.558731e-01 1.644395e-02 2.523063e-03 1.227117e-03 3.987656e-02 1.197791e-04 6.558731e-01 5.829379e-10 2.523063e-03 2.310437e-07
4.240741e-02 6.340773e-01 1.506018e-01 1.757242e-02 2.325237e-03 1.422894e-03 4.240741e-02 1.193852e-04 6.506018e-01 6.229422e-10 2.325237e-03 2.679048e-07
4.503219e-02 6.315698e-01 1.457612e-01 1.869111e-02 2.156592e-03 1.631831e-03 4.503219e-02 1.189130e-04 6.457612e-01 6.625998e-10 2.156592e-03 3.072440e-07
4.775240e-02 6.287123e-01 1.412895e-01 1.980020e-02 2.011553e-03 1.853302e-03 4.775240e-02 1.183750e-04 6.412895e-01 7.019171e-10 2.011553e-03 3.489429e-07
5.056950e-02 6.255547e-01 1.371353e-01 2.090017e-02 1.885801e-03 2.086709e-03 5.056950e-02 1.177805e-04 6.371353e-01 7.409109e-10 1.885801e-03 3.928892e-07
5.348490e-02 6.221352e-01 1.332561e-01 2.199164e-02 1.775962e-03 2.331482e-03 5.348490e-02 1.171367e-04 6.332561e-01 7.796037e-10 1.775962e-03 4.389754e-07
5.649997e-02 6.184833e-01 1.296162e-01 2.307534e-02 1.679375e-03 2.587073e-03 5.649997e-02 1.164491e-04 6.296162e-01 8.180210e-10 1.679375e-03 4.870986e-07
5.961601e-02 6.146222e-01 1.261859e-01 2.415201e-02 1.593920e-03 2.852954e-03 5.961601e-02 1.157221e-04 6.261859e-01 8.561886e-10 1.593920e-03 5.371590e-07
6.283429e-02 6.105698e-01 1.229401e-01 2.522235e-02 1.517898e-03 3.128607e-03 6.283429e-02 1.149591e-04 6.229401e-01 8.941322e-10 1.517898e-03 5.890595e-07
6.615600e-02 6.063404e-01 1.198575e-01 2.628705e-02 1.449929e-03 3.413526e-03 6.615600e-02 1.141628e-04 6.198575e-01 9.318759e-10 1.449929e-03 6.427044e-07
6.958232e-02 6.019452e-01 1.169200e-01 2.734675e-02 1.388887e-03 3.707208e-03 6.958232e-02 1.133353e-04 6.169200e-01 9.694423e-10 1.388887e-03 6.979995e-07
7.311434e-02 5.973931e-01 1.141120e-01 2.840203e-02 1.333843e-03 4.009154e-03 7.311434e-02 1.124782e-04 6.141120e-01 1.006852e-09 1.333843e-03 7.548504e-07
7.675312e-02 5.926913e-01 1.114200e-01 2.945342e-02 1.284027e-03 4.318865e-03 7.675312e-02 1.115929e-04 6.114200e-01 1.044124e-09 1.284027e-03 8.131632e-07
8.049963e-02 5.878453e-01 1.088325e-01 3.050138e-02 1.238795e-03 4.635837e-03 8.049963e-02 1.106805e-04 6.088325e-01 1.081274e-09 1.238795e-03 8.728433e-07
8.435484e-02 5.828596e-01 1.063393e-01 3.154634e-02 1.197604e-03 4.959567e-03 8.435484e-02 1.097418e-04 6.063393e-01 1.118318e-09 1.197604e-03 9.337958e-07
8.831962e-02 5.777376e-01 1.039316e-01 3.258865e-02 1.159995e-03 5.289545e-03 8.831962e-02 1.087774e-04 6.039316e-01 1.155268e-09 1.159995e-03 9.959246e-07
9.239479e-02 5.724822e-01 1.016014e-01 3.362863e-02 1.125576e-03 5.625257e-03 9.239479e-02 1.077879e-04 6.016014e-01 1.192135e-09 1.125576e-03 1.059133e-06
9.658114e-02 5.670954e-01 9.934182e-02 3.466654e-02 1.094012e-03 5.966183e-03 9.658114e-02 1.067737e-04 5.993418e-01 1.228929e-09 1.094012e-03 1.123323e-06
1.008794e-01 5.615787e-01 9.714676e-02 3.570262e-02 1.065014e-03 6.311796e-03 1.008794e-01 1.057350e-04 5.971468e-01 1.265658e-09 1.065014e-03 1.188396e-06
1.052902e-01 5.559332e-01 9.501069e-02 3.673703e-02 1.038331e-03 6.661565e-03 1.052902e-01 1.046720e-04 5.950107e-01 1.302328e-09 1.038331e-03 1.254251e-06
1.098141e-01 5.501596e-01 9.292867e-02 3.776994e-02 1.013747e-03 7.014955e-03 1.098141e-01 1.035850e-04 5.929287e-01 1.338944e-09 1.013747e-03 1.320788e-06
1.144518e-01 5.442583e-01 9.089626e-02 3.880144e-02 9.910713e-04 7.371419e-03 1.144518e-01 1.024739e-04 5.908963e-01 1.375511e-09 9.910713e-04 1.387903e-06
1.192037e-01 5.382295e-01 8.890945e-02 3.983162e-02 9.701378e-04 7.730412e-03 1.192037e-01 1.013388e-04 5.889094e-01 1.412031e-09 9.701378e-04 1.455495e-06
1.240703e-01 5.320731e-01 8.696459e-02 4.086050e-02 9.508003e-04 8.091378e-03 1.240703e-01 1.001796e-04 5.869646e-01 1.448505e-09 9.508003e-04 1.523458e-06
1.290519e-01 5.257887e-01 8.505837e-02 4.188812e-02 9.329296e-04 8.453763e-03 1.290519e-01 9.899639e-05 5.850584e-01 1.484934e-09 9.329296e-04 1.591689e-06
1.341489e-01 5.193758e-01 8.318775e-02 4.291444e-02 9.164116e-04 8.817003e-03 1.341489e-01 9.778897e-05 5.831877e-01 1.521317e-09 9.164116e-04 1.660080e-06
1.393615e-01 5.128339e-01 8.134996e-02 4.393944e-02 9.011449e-04 9.180535e-03 1.393615e-01 9.655723e-05 5.813500e-01 1.557653e-09 9.011449e-04 1.728527e-06
1.446901e-01 5.061620e-01 7.954242e-02 4.496304e-02 8.870393e-04 9.543792e-03 1.446901e-01 9.530104e-05 5.795424e-01 1.593940e-09 8.870393e-04 1.796921e-06
1.501348e-01 4.993593e-01 7.776279e-02 4.598517e-02 8.740144e-04 9.906205e-03 1.501348e-01 9.402022e-05 5.777628e-01 1.630174e-09 8.740144e-04 1.865157e-06
1.556956e-01 4.924247e-01 7.600886e-02 4.700570e-02 8.619986e-04 1.026720e-02 1.556956e-01 9.271456e-05 5.760089e-01 1.666352e-09 8.619986e-04 1.933126e-06
1.613728e-01 4.853570e-01 7.427859e-02 4.802452e-02 8.509276e-04 1.062621e-02 1.613728e-01 9.138385e-05 5.742786e-01 1.702469e-09 8.509276e-04 2.000722e-06
1.671663e-01 4.781551e-01 7.257008e-02 4.904147e-02 8.407440e-04 1.098267e-02 1.671663e-01 9.002785e-05 5.725701e-01 1.738520e-09 8.407440e-04 2.067835e-06
1.730762e-01 4.708174e-01 7.088156e-02 5.005638e-02 8.313964e-04 1.133599e-02 1.730762e-01 8.864631e-05 5.708816e-01 1.774499e-09 8.313964e-04 2.134359e-06
1.791022e-01 4.633427e-01 6.921134e-02 5.106907e-02 8.228386e-04 1.168561e-02 1.791022e-01 8.723895e-05 5.692113e-01 1.810398e-09 8.228386e-04 2.200186e-06
1.852445e-01 4.557292e-01 6.755785e-02 5.207934e-02 8.150294e-04 1.203096e-02 1.852445e-01 8.580547e-05 5.675579e-01 1.846212e-09 8.150294e-04 2.265210e-06
1.915027e-01 4.479754e-01 6.591960e-02 5.308698e-02 8.079319e-04 1.237147e-02 1.915027e-01 8.434557e-05 5.659196e-01 1.881933e-09 8.079319e-04 2.329322e-06
1.978768e-01 4.400795e-01 6.429516e-02 5.409175e-02 8.015129e-04 1.270658e-02 1.978768e-01 8.285892e-05 5.642952e-01 1.917553e-09 8.015129e-04 2.392416e-06
2.043664e-01 4.320398e-01 6.268319e-02 5.509343e-02 7.957432e-04 1.303572e-02 2.043664e-01 8.134518e-05 5.626832e-01 1.953062e-09 7.957432e-04 2.454387e-06
2.109714e-01 4.238542e-01 6.108239e-02 5.609176e-02 7.905967e-04 1.335833e-02 2.109714e-01 7.980399e-05 5.610824e-01 1.988453e-09 7.905967e-04 2.515130e-06
2.176912e-01 4.155208e-01 5.949153e-02 5.708648e-02 7.860502e-04 1.367386e-02 2.176912e-01 7.823497e-05 5.594915e-01 2.023716e-09 7.860502e-04 2.574538e-06
2.245257e-01 4.070375e-01 5.790941e-02 5.807733e-02 7.820835e-04 1.398175e-02 2.245257e-01 7.663771e-05 5.579094e-01 2.058841e-09 7.820835e-04 2.632508e-06
2.314745e-01 3.984021e-01 5.633487e-02 5.906403e-02 7.786792e-04 1.428146e-02 2.314745e-01 7.501182e-05 5.563349e-01 2.093820e-09 7.786792e-04 2.688938e-06
2.385370e-01 3.896122e-01 5.476680e-02 6.004630e-02 7.758220e-04 1.457244e-02 2.385370e-01 7.335685e-05 5.547668e-01 2.128641e-09 7.758220e-04 2.743724e-06
2.457128e-01 3.806655e-01 5.320410e-02 6.102386e-02 7.734994e-04 1.485415e-02 2.457128e-01 7.167234e-05 5.532041e-01 2.163296e-09 7.734994e-04 2.796765e-06
2.530015e-01 3.715594e-01 5.164571e-02 6.199643e-02 7.717010e-04 1.512606e-02 2.530015e-01 6.995783e-05 5.516457e-01 2.197774e-09 7.717010e-04 2.847960e-06
2.604024e-01 3.622912e-01 5.009057e-02 6.296374e-02 7.704186e-04 1.538763e-02 2.604024e-01 6.821281e-05 5.500906e-01 2.232064e-09 7.704186e-04 2.897210e-06
2.679150e-01 3.528583e-01 4.853765e-02 6.392549e-02 7.696463e-04 1.563835e-02 2.679150e-01 6.643676e-05 5.485377e-01 2.266159e-09 7.696463e-04 2.944416e-06
2.755388e-01 3.432197e-01 4.697981e-02 6.488477e-02 7.693743e-04 1.575230e-02 2.755388e-01 6.462198e-05 5.469798e-01 2.300165e-09 7.693743e-04 2.965870e-06
2.832730e-01 3.332475e-01 4.539648e-02 6.585182e-02 7.695821e-04 1.557928e-02 2.832730e-01 6.274440e-05 5.453965e-01 2.334447e-09 7.695821e-04 2.933293e-06
2.911171e-01 3.228069e-01 4.376702e-02 6.683555e-02 7.702325e-04 1.529014e-02 2.911171e-01 6.077863e-05 5.437670e-01 2.369320e-09 7.702325e-04 2.878853e-06
2.990703e-01 3.118412e-01 4.208367e-02 6.783525e-02 7.712638e-04 1.499779e-02 2.990703e-01 5.871400e-05 5.420837e-01 2.404760e-09 7.712638e-04 2.823809e-06
3.071319e-01 3.003518e-01 4.034766e-02 6.884382e-02 7.725935e-04 1.476336e-02 3.071319e-01 5.655076e-05 5.403477e-01 2.440513e-09 7.725935e-04 2.779671e-06
3.153013e-01 2.883781e-01 3.856569e-02 6.985082e-02 7.741286e-04 1.461090e-02 3.153013e-01 5.429631e-05 5.385657e-01 2.476212e-09 7.741286e-04 2.750966e-06
3.235776e-01 2.759790e-01 3.674690e-02 7.084497e-02 7.757786e-04 1.454157e-02 3.235776e-01 5.196179e-05 5.367469e-01 2.511454e-09 7.757786e-04 2.737911e-06
3.319601e-01 2.632186e-01 3.490064e-02 7.181586e-02 7.774658e-04 1.454434e-02 3.319601e-01 4.955924e-05 5.349006e-01 2.545872e-09 7.774658e-04 2.738433e-06
3.404479e-01 2.501557e-01 3.303507e-02 7.275495e-02 7.791312e-04 1.460311e-02 3.404479e-01 4.709975e-05 5.330351e-01 2.579163e-09 7.791312e-04 2.749498e-06
3.490402e-01 2.368388e-01 3.115648e-02 7.365580e-02 7.807347e-04 1.470102e-02 3.490402e-01 4.459240e-05 5.311565e-01 2.611098e-09 7.807347e-04 2.767933e-06
3.577363e-01 2.233038e-01 2.926917e-02 7.451386e-02 7.822530e-04 1.482287e-02 3.577363e-01 4.204401e-05 5.292692e-01 2.641516e-09 7.822530e-04 2.790875e-06
3.665352e-01 2.095754e-01 2.737565e-02 7.532612e-02 7.836747e-04 1.495620e-02 3.665352e-01 3.945922e-05 5.273756e-01 2.670311e-09 7.836747e-04 2.815978e-06
3.754360e-01 1.956692e-01 2.547707e-02 7.609056e-02 7.849964e-04 1.509160e-02 3.754360e-01 3.684092e-05 5.254771e-01 2.697410e-09 7.849964e-04 2.841472e-06
3.844379e-01 1.815935e-01 2.357355e-02 7.680585e-02 7.862191e-04 1.522253e-02 3.844379e-01 3.419074e-05 5.235736e-01 2.722767e-09 7.862191e-04 2.866125e-06
3.935400e-01 1.673524e-01 2.166457e-02 7.747095e-02 7.873455e-04 1.534485e-02 3.935400e-01 3.150940e-05 5.216646e-01 2.746345e-09 7.873455e-04 2.889154e-06
4.027413e-01 1.529471e-01 1.974920e-02 7.808494e-02 7.883787e-04 1.545624e-02 4.027413e-01 2.879715e-05 5.197492e-01 2.768111e-09 7.883787e-04 2.910127e-06
4.120410e-01 1.383777e-01 1.782634e-02 7.864686e-02 7.893207e-04 1.555571e-02 4.120410e-01 2.605400e-05 5.178263e-01 2.788031e-09 7.893207e-04 2.928855e-06
4.214379e-01 1.236439e-01 1.589483e-02 7.915568e-02 7.901727e-04 1.564309e-02 4.214379e-01 2.327989e-05 5.158948e-01 2.806069e-09 7.901727e-04 2.945308e-06
4.309313e-01 1.087458e-01 1.395350e-02 7.961020e-02 7.909344e-04 1.571870e-02 4.309313e-01 2.047484e-05 5.139535e-01 2.822182e-09 7.909344e-04 2.959544e-06
4.405200e-01 9.368400e-02 1.200125e-02 8.000914e-02 7.916043e-04 1.578305e-02 4.405200e-01 1.763898e-05 5.120012e-01 2.836324e-09 7.916043e-04 2.971659e-06
4.502033e-01 7.846010e-02 1.003702e-02 8.035108e-02 7.921801e-04 1.583668e-02 4.502033e-01 1.477260e-05 5.100370e-01 2.848446e-09 7.921801e-04 2.981756e-06
4.599800e-01 6.307631e-02 8.059813e-03 8.063451e-02 7.926590e-04 1.588007e-02 4.599800e-01 1.187611e-05 5.080598e-01 2.858493e-09 7.926590e-04 2.989927e-06
4.698491e-01 4.753569e-02 6.068670e-03 8.085785e-02 7.930375e-04 1.591359e-02 4.698491e-01 8.950100e-06 5.060687e-01 2.866411e-09 7.930375e-04 2.996238e-06
4.798098e-01 3.184187e-02 4.062645e-03 8.101947e-02 7.933122e-04 1.593747e-02 4.798098e-01 5.995242e-06 5.040626e-01 2.872140e-09 7.933122e-04 3.000734e-06
4.898609e-01 1.599899e-02 2.040792e-03 8.111770e-02 7.934794e-04 1.595182e-02 4.898609e-01 3.012318e-06 5.020408e-01 2.875623e-09 7.934794e-04 3.003436e-06
5.000014e-01 1.167294e-05 2.149032e-06 8.115083e-02 7.935359e-04 1.595664e-02 5.000014e-01 2.197801e-09 5.000021e-01 2.876797e-09 7.935359e-04 3.004343e-06
5.101391e-01 -1.597109e-02 -2.035913e-03 8.111772e-02 7.934796e-04 1.595182e-02 5.101391e-01 -3.007064e-06 4.979641e-01 2.875623e-09 7.934796e-04 3.003436e-06
5.201902e-01 -3.181402e-02 -4.057773e-03 8.101950e-02 7.933125e-04 1.593747e-02 5.201902e-01 -5.989998e-06 4.959422e-01 2.872141e-09 7.933125e-04 3.000734e-06
5.301509e-01 -4.750789e-02 -6.063805e-03 8.085790e-02 7.930380e-04 1.591359e-02 5.301509e-01 -8.944866e-06 4.939362e-01 2.866412e-09 7.930380e-04 2.996238e-06
5.400200e-01 -6.304842e-02 -8.054938e-03 8.063457e-02 7.926596e-04 1.588007e-02 5.400200e-01 -1.187086e-05 4.919451e-01 2.858495e-09 7.926596e-04 2.989927e-06
5.497967e-01 -7.843223e-02 -1.003215e-02 8.035115e-02 7.921809e-04 1.583668e-02 5.497967e-01 -1.476735e-05 4.899679e-01 2.848448e-09 7.921809e-04 2.981756e-06
5.594799e-01 -9.365619e-02 -1.199639e-02 8.000923e-02 7.916052e-04 1.578305e-02 5.594799e-01 -1.763375e-05 4.880036e-01 2.836327e-09 7.916052e-04 2.971659e-06
5.690687e-01 -1.087180e-01 -1.394864e-02 7.961030e-02 7.909354e-04 1.571870e-02 5.690687e-01 -2.046961e-05 4.860514e-01 2.822185e-09 7.909354e-04 2.959544e-06
5.785621e-01 -1.236162e-01 -1.588997e-02 7.915579e-02 7.901739e-04 1.564309e-02 5.785621e-01 -2.327466e-05 4.841100e-01 2.806073e-09 7.901739e-04 2.945308e-06
5.879591e-01 -1.383500e-01 -1.782149e-02 7.864700e-02 7.893221e-04 1.555571e-02 5.879591e-01 -2.604877e-05 4.821785e-01 2.788036e-09 7.893221e-04 2.928855e-06
5.972587e-01 -1.529195e-01 -1.974436e-02 7.808508e-02 7.883802e-04 1.545624e-02 5.972587e-01 -2.879194e-05 4.802556e-01 2.768116e-09 7.883802e-04 2.910127e-06
6.064600e-01 -1.673247e-01 -2.165973e-02 7.747111e-02 7.873472e-04 1.534485e-02 6.064600e-01 -3.150419e-05 4.783403e-01 2.746351e-09 7.873472e-04 2.889154e-06
6.155621e-01 -1.815659e-01 -2.356872e-02 7.680602e-02 7.862209e-04 1.522254e-02 6.155621e-01 -3.418554e-05 4.764313e-01 2.722774e-09 7.862209e-04 2.866125e-06
6.245639e-01 -1.956415e-01 -2.547223e-02 7.609075e-02 7.849984e-04 1.509160e-02 6.245639e-01 -3.683571e-05 4.745278e-01 2.697417e-09 7.849984e-04 2.841473e-06
6.334648e-01 -2.095478e-01 -2.737083e-02 7.532632e-02 7.836769e-04 1.495620e-02 6.334648e-01 -3.945402e-05 4.726292e-01 2.670318e-09 7.836769e-04 2.815978e-06
6.422637e-01 -2.232762e-01 -2.926436e-02 7.451408e-02 7.822554e-04 1.482287e-02 6.422637e-01 -4.203882e-05 4.707356e-01 2.641524e-09 7.822554e-04 2.790875e-06
6.509597e-01 -2.368112e-01 -3.115167e-02 7.365603e-02 7.807373e-04 1.470101e-02 6.509597e-01 -4.458722e-05 4.688483e-01 2.611106e-09 7.807373e-04 2.767932e-06
6.595521e-01 -2.501282e-01 -3.303028e-02 7.275519e-02 7.791339e-04 1.460309e-02 6.595521e-01 -4.709457e-05 4.669697e-01 2.579172e-09 7.791339e-04 2.749494e-06
6.680399e-01 -2.631911e-01 -3.489585e-02 7.181611e-02 7.774687e-04 1.454430e-02 6.680399e-01 -4.955407e-05 4.651041e-01 2.545881e-09 7.774687e-04 2.738426e-06
6.764224e-01 -2.759517e-01 -3.674213e-02 7.084523e-02 7.757816e-04 1.454151e-02 6.764224e-01 -5.195665e-05 4.632579e-01 2.511463e-09 7.757816e-04 2.737900e-06
6.846987e-01 -2.883509e-01 -3.856095e-02 6.985109e-02 7.741318e-04 1.461081e-02 6.846987e-01 -5.429119e-05 4.614391e-01 2.476221e-09 7.741318e-04 2.750949e-06
6.928680e-01 -3.003248e-01 -4.034294e-02 6.884409e-02 7.725968e-04 1.476324e-02 6.928680e-01 -5.654566e-05 4.596571e-01 2.440523e-09 7.725968e-04 2.779647e-06
7.009297e-01 -3.118143e-01 -4.207897e-02 6.783552e-02 7.712671e-04 1.499763e-02 7.009297e-01 -5.870893e-05 4.579210e-01 2.404769e-09 7.712671e-04 2.823779e-06
7.088829e-01 -3.227801e-01 -4.376235e-02 6.683582e-02 7.702359e-04 1.528996e-02 7.088829e-01 -6.077360e-05 4.562376e-01 2.369330e-09 7.702359e-04 2.878819e-06
7.167270e-01 -3.332209e-01 -4.539185e-02 6.585207e-02 7.695856e-04 1.557910e-02 7.167270e-01 -6.273941e-05 4.546081e-01 2.334456e-09 7.695856e-04 2.933260e-06
7.244612e-01 -3.431932e-01 -4.697519e-02 6.488503e-02 7.693778e-04 1.575217e-02 7.244612e-01 -6.461700e-05 4.530248e-01 2.300174e-09 7.693778e-04 2.965846e-06
7.320850e-01 -3.528319e-01 -4.853306e-02 6.392574e-02 7.696497e-04 1.563834e-02 7.320850e-01 -6.643180e-05 4.514669e-01 2.266167e-09 7.696497e-04 2.944414e-06
7.395976e-01 -3.622649e-01 -5.008599e-02 6.296399e-02 7.704221e-04 1.538763e-02 7.395976e-01 -6.820786e-05 4.499140e-01 2.232073e-09 7.704221e-04 2.897209e-06
7.469986e-01 -3.715332e-01 -5.164114e-02 6.199669e-02 7.717045e-04 1.512605e-02 7.469986e-01 -6.995290e-05 4.483589e-01 2.197783e-09 7.717045e-04 2.847959e-06
7.542872e-01 -3.806393e-01 -5.319955e-02 6.102412e-02 7.735029e-04 1.485415e-02 7.542872e-01 -7.166742e-05 4.468005e-01 2.163305e-09 7.735029e-04 2.796764e-06
7.614631e-01 -3.895861e-01 -5.476226e-02 6.004655e-02 7.758255e-04 1.457244e-02 7.614631e-01 -7.335194e-05 4.452377e-01 2.128650e-09 7.758255e-04 2.743723e-06
7.685255e-01 -3.983760e-01 -5.633034e-02 5.906429e-02 7.786827e-04 1.428146e-02 7.685255e-01 -7.500692e-05 4.436697e-01 2.093829e-09 7.786827e-04 2.688937e-06
7.754743e-01 -4.070115e-01 -5.790489e-02 5.807759e-02 7.820871e-04 1.398175e-02 7.754743e-01 -7.663282e-05 4.420951e-01 2.058851e-09 7.820871e-04 2.632508e-06
7.823088e-01 -4.154949e-01 -5.948702e-02 5.708675e-02 7.860537e-04 1.367386e-02 7.823088e-01 -7.823008e-05 4.405130e-01 2.023725e-09 7.860537e-04 2.574538e-06
7.890286e-01 -4.238283e-01 -6.107789e-02 5.609203e-02 7.906003e-04 1.335833e-02 7.890286e-01 -7.979911e-05 4.389221e-01 1.988462e-09 7.906003e-04 2.515130e-06
7.956336e-01 -4.320139e-01 -6.267870e-02 5.509370e-02 7.957469e-04 1.303572e-02 7.956336e-01 -8.134032e-05 4.373213e-01 1.953072e-09 7.957469e-04 2.454388e-06
8.021232e-01 -4.400538e-01 -6.429069e-02 5.409202e-02 8.015166e-04 1.270658e-02 8.021232e-01 -8.285407e-05 4.357093e-01 1.917562e-09 8.015166e-04 2.392417e-06
8.084972e-01 -4.479497e-01 -6.591515e-02 5.308725e-02 8.079356e-04 1.237148e-02 8.084972e-01 -8.434073e-05 4.340849e-01 1.881943e-09 8.079356e-04 2.329323e-06
8.147555e-01 -4.557036e-01 -6.755342e-02 5.207961e-02 8.150332e-04 1.203097e-02 8.147555e-01 -8.580064e-05 4.324466e-01 1.846222e-09 8.150332e-04 2.265211e-06
8.208978e-01 -4.633171e-01 -6.920693e-02 5.106934e-02 8.228424e-04 1.168562e-02 8.208978e-01 -8.723413e-05 4.307931e-01 1.810408e-09 8.228424e-04 2.200188e-06
8.269239e-01 -4.707919e-01 -7.087716e-02 5.005665e-02 8.314002e-04 1.133600e-02 8.269239e-01 -8.864151e-05 4.291228e-01 1.774508e-09 8.314002e-04 2.134361e-06
8.328336e-01 -4.781296e-01 -7.256569e-02 4.904174e-02 8.407479e-04 1.098268e-02 8.328336e-01 -9.002306e-05 4.274343e-01 1.738530e-09 8.407479e-04 2.067837e-06
8.386272e-01 -4.853317e-01 -7.427423e-02 4.802479e-02 8.509316e-04 1.062622e-02 8.386272e-01 -9.137908e-05 4.257258e-01 1.702479e-09 8.509316e-04 2.000723e-06
8.443044e-01 -4.923994e-01 -7.600451e-02 4.700597e-02 8.620026e-04 1.026721e-02 8.443044e-01 -9.270980e-05 4.239955e-01 1.666362e-09 8.620026e-04 1.933128e-06
8.498653e-01 -4.993341e-01 -7.775846e-02 4.598544e-02 8.740185e-04 9.906216e-03 8.498653e-01 -9.401547e-05 4.222415e-01 1.630184e-09 8.740185e-04 1.865159e-06
8.553099e-01 -5.061368e-01 -7.953811e-02 4.496331e-02 8.870434e-04 9.543805e-03 8.553099e-01 -9.529630e-05 4.204619e-01 1.593949e-09 8.870434e-04 1.796924e-06
8.606385e-01 -5.128088e-01 -8.134567e-02 4.393970e-02 9.011492e-04 9.180547e-03 8.606385e-01 -9.655252e-05 4.186543e-01 1.557662e-09 9.011492e-04 1.728529e-06
8.658512e-01 -5.193508e-01 -8.318348e-02 4.291471e-02 9.164160e-04 8.817015e-03 8.658512e-01 -9.778426e-05 4.168165e-01 1.521326e-09 9.164160e-04 1.660083e-06
8.709481e-01 -5.257637e-01 -8.505411e-02 4.188838e-02 9.329340e-04 8.453777e-03 8.709481e-01 -9.899169e-05 4.149459e-01 1.484943e-09 9.329340e-04 1.591691e-06
8.759297e-01 -5.320482e-01 -8.696034e-02 4.086077e-02 9.508046e-04 8.091396e-03 8.759297e-01 -1.001749e-04 4.130397e-01 1.448514e-09 9.508046e-04 1.523462e-06
8.807963e-01 -5.382048e-01 -8.890524e-02 3.983188e-02 9.701423e-04 7.730426e-03 8.807963e-01 -1.013341e-04 4.110948e-01 1.412040e-09 9.701423e-04 1.455498e-06
8.855482e-01 -5.442336e-01 -9.089206e-02 3.880171e-02 9.910757e-04 7.371437e-03 8.855482e-01 -1.024692e-04 4.091079e-01 1.375521e-09 9.910757e-04 1.387907e-06
8.901858e-01 -5.501349e-01 -9.292448e-02 3.777021e-02 1.013751e-03 7.014975e-03 8.901858e-01 -1.035803e-04 4.070755e-01 1.338954e-09 1.013751e-03 1.320791e-06
8.947098e-01 -5.559086e-01 -9.500654e-02 3.673730e-02 1.038336e-03 6.661584e-03 8.947098e-01 -1.046674e-04 4.049935e-01 1.302337e-09 1.038336e-03 1.254254e-06
8.991206e-01 -5.615542e-01 -9.714263e-02 3.570288e-02 1.065018e-03 6.311815e-03 8.991206e-01 -1.057304e-04 4.028574e-01 1.265667e-09 1.065018e-03 1.188399e-06
9.034188e-01 -5.670710e-01 -9.933770e-02 3.466681e-02 1.094016e-03 5.966205e-03 9.034188e-01 -1.067691e-04 4.006623e-01 1.228938e-09 1.094016e-03 1.123327e-06
9.076052e-01 -5.724579e-01 -1.015973e-01 3.362888e-02 1.125581e-03 5.625276e-03 9.076052e-01 -1.077834e-04 3.984027e-01 1.192144e-09 1.125581e-03 1.059137e-06
9.116804e-01 -5.777134e-01 -1.039275e-01 3.258890e-02 1.159999e-03 5.289566e-03 9.116804e-01 -1.087729e-04 3.960725e-01 1.155276e-09 1.159999e-03 9.959284e-07
9.156452e-01 -5.828355e-01 -1.063353e-01 3.154658e-02 1.197609e-03 4.959588e-03 9.156452e-01 -1.097373e-04 3.936647e-01 1.118326e-09 1.197609e-03 9.337996e-07
9.195003e-01 -5.878212e-01 -1.088285e-01 3.050164e-02 1.238799e-03 4.635861e-03 9.195003e-01 -1.106760e-04 3.911715e-01 1.081283e-09 1.238799e-03 8.728478e-07
9.232469e-01 -5.926673e-01 -1.114160e-01 2.945367e-02 1.284031e-03 4.318889e-03 9.232469e-01 -1.115884e-04 3.885840e-01 1.044133e-09 1.284031e-03 8.131679e-07
9.268857e-01 -5.973693e-01 -1.141080e-01 2.840228e-02 1.333847e-03 4.009177e-03 9.268857e-01 -1.124737e-04 3.858920e-01 1.006861e-09 1.333847e-03 7.548547e-07
9.304177e-01 -6.019214e-01 -1.169160e-01 2.734700e-02 1.388890e-03 3.707233e-03 9.304177e-01 -1.133308e-04 3.830840e-01 9.694511e-10 1.388890e-03 6.980042e-07
9.338440e-01 -6.063167e-01 -1.198536e-01 2.628730e-02 1.449932e-03 3.413552e-03 9.338440e-01 -1.141583e-04 3.801464e-01 9.318846e-10 1.449932e-03 6.427093e-07
9.371657e-01 -6.105464e-01 -1.229362e-01 2.522257e-02 1.517901e-03 3.128628e-03 9.371657e-01 -1.149547e-04 3.770638e-01 8.941402e-10 1.517901e-03 5.890635e-07
9.403840e-01 -6.145988e-01 -1.261820e-01 2.415224e-02 1.593922e-03 2.852979e-03 9.403840e-01 -1.157177e-04 3.738180e-01 8.561970e-10 1.593922e-03 5.371637e-07
9.435000e-01 -6.184601e-01 -1.296123e-01 2.307557e-02 1.679376e-03 2.587096e-03 9.435000e-01 -1.164447e-04 3.703877e-01 8.180288e-10 1.679376e-03 4.871028e-07
9.465151e-01 -6.221121e-01 -1.332522e-01 2.199187e-02 1.775962e-03 2.331506e-03 9.465151e-01 -1.171323e-04 3.667478e-01 7.796118e-10 1.775962e-03 4.389800e-07
9.494305e-01 -6.255318e-01 -1.371315e-01 2.090037e-02 1.885801e-03 2.086730e-03 9.494305e-01 -1.177762e-04 3.628685e-01 7.409181e-10 1.885801e-03 3.928930e-07
9.522476e-01 -6.286896e-01 -1.412857e-01 1.980040e-02 2.011551e-03 1.853323e-03 9.522476e-01 -1.183707e-04 3.587143e-01 7.019243e-10 2.011551e-03 3.489468e-07
9.549678e-01 -6.315472e-01 -1.457574e-01 1.869132e-02 2.156586e-03 1.631854e-03 9.549678e-01 -1.189088e-04 3.542426e-01 6.626073e-10 2.156586e-03 3.072482e-07
9.575926e-01 -6.340550e-01 -1.505981e-01 1.757261e-02 2.325231e-03 1.422913e-03 9.575926e-01 -1.193809e-04 3.494019e-01 6.229489e-10 2.325231e-03 2.679084e-07
9.601234e-01 -6.361475e-01 -1.558693e-01 1.644414e-02 2.523051e-03 1.227138e-03 9.601234e-01 -1.197749e-04 3.441307e-01 5.829449e-10 2.523051e-03 2.310476e-07
9.625619e-01 -6.377386e-01 -1.616457e-01 1.530619e-02 2.757305e-03 1.045178e-03 9.625619e-01 -1.200745e-04 3.383543e-01 5.426043e-10 2.757305e-03 1.967879e-07
9.649096e-01 -6.387139e-01 -1.680163e-01 1.415988e-02 3.037461e-03 8.777218e-04 9.649096e-01 -1.202581e-04 3.319837e-01 5.019676e-10 3.037461e-03 1.652589e-07
9.671681e-01 -6.389212e-01 -1.750868e-01 1.300739e-02 3.375950e-03 7.254413e-04 9.671681e-01 -1.202972e-04 3.249132e-01 4.611119e-10 3.375950e-03 1.365873e-07
9.693391e-01 -6.381595e-01 -1.829780e-01 1.185264e-02 3.788972e-03 5.889816e-04 9.693391e-01 -1.201538e-04 3.170220e-01 4.201760e-10 3.788972e-03 1.108945e-07
9.714243e-01 -6.361654e-01 -1.918237e-01 1.070153e-02 4.297509e-03 4.688536e-04 9.714243e-01 -1.197783e-04 3.081763e-01 3.793693e-10 4.297509e-03 8.827655e-08
9.734255e-01 -6.326032e-01 -2.017600e-01 9.562420e-03 4.928144e-03 3.653360e-04 9.734255e-01 -1.191076e-04 2.982400e-01 3.389878e-10 4.928144e-03 6.878609e-08
9.753444e-01 -6.270627e-01 -2.129060e-01 8.446095e-03 5.713448e-03 2.783337e-04 9.753444e-01 -1.180644e-04 2.870940e-01 2.994141e-10 5.713448e-03 5.240514e-08
9.771829e-01 -6.190757e-01 -2.253370e-01 7.364776e-03 6.691778e-03 2.072174e-04 9.771829e-01 -1.165606e-04 2.746630e-01 2.610813e-10 6.691778e-03 3.901524e-08
9.789427e-01 -6.081608e-01 -2.390521e-01 6.330793e-03 7.906207e-03 1.507641e-04 9.789427e-01 -1.145056e-04 2.609479e-01 2.244266e-10 7.906207e-03 2.838613e-08
9.806257e-01 -5.938947e-01 -2.539512e-01 5.355102e-03 9.403796e-03 1.072192e-04 9.806257e-01 -1.118195e-04 2.460488e-01 1.898383e-10 9.403796e-03 2.018742e-08
9.822339e-01 -5.759952e-01 -2.698324e-01 4.446917e-03 1.123717e-02 7.450926e-05 9.822339e-01 -1.084494e-04 2.301676e-01 1.576432e-10 1.123717e-02 1.402873e-08
9.837691e-01 -5.543799e-01 -2.864194e-01 3.614418e-03 1.347163e-02 5.051569e-05 9.837691e-01 -1.043796e-04 2.135806e-01 1.281311e-10 1.347163e-02 9.511180e-09
9.852332e-01 -5.291899e-01 -3.033980e-01 2.866019e-03 1.619883e-02 3.331222e-05 9.852332e-01 -9.963678e-05 1.966020e-01 1.016004e-10 1.619883e-02 6.272082e-09
9.866283e-01 -5.007544e-01 -3.204637e-01 2.209805e-03 1.956034e-02 2.127088e-05 9.866283e-01 -9.428289e-05 1.795363e-01 7.833758e-11 1.956034e-02 4.004918e-09
9.879562e-01 -4.695357e-01 -3.373494e-01 1.651853e-03 2.378078e-02 1.307836e-05 9.879562e-01 -8.840499e-05 1.626506e-01 5.855821e-11 2.378078e-02 2.462417e-09
9.892188e-01 -4.360594e-01 -3.538428e-01 1.193902e-03 2.921715e-02 7.693765e-06 9.892188e-01 -8.210201e-05 1.461572e-01 4.232383e-11 2.921715e-02 1.448595e-09
9.904183e-01 -4.008521e-01 -3.697909e-01 8.320919e-04 3.643704e-02 4.299682e-06 9.904183e-01 -7.547312e-05 1.302091e-01 2.949766e-11 3.643704e-02 8.095514e-10
9.915564e-01 -3.644026e-01 -3.850938e-01 5.573930e-04 4.635281e-02 2.264089e-06 9.915564e-01 -6.861034e-05 1.149062e-01 1.975958e-11 4.635281e-02 4.262866e-10
9.926353e-01 -3.271365e-01 -3.996960e-01 3.572134e-04 6.047301e-02 1.112178e-06 9.926353e-01 -6.159382e-05 1.003040e-01 1.266321e-11 6.047301e-02 2.094027e-10
9.936569e-01 -2.894191e-01 -4.135730e-01 2.175008e-04 8.139897e-02 5.030950e-07 9.936569e-01 -5.449232e-05 8.642697e-02 7.710402e-12 8.139897e-02 9.472358e-11
9.946231e-01 -2.515527e-01 -4.267235e-01 1.244758e-04 1.138947e-01 2.057736e-07 9.946231e-01 -4.736278e-05 7.327647e-02 4.412667e-12 1.138947e-01 3.874340e-11
9.955360e-01 -2.137961e-01 -4.391584e-01 6.584019e-05 1.673699e-01 7.406650e-08 9.955360e-01 -4.025388e-05 6.084159e-02 2.334035e-12 1.673699e-01 1.394537e-11
9.963974e-01 -1.763678e-01 -4.508971e-01 3.132084e-05 2.623654e-01 2.247683e-08 9.963974e-01 -3.320683e-05 4.910294e-02 1.110324e-12 2.623654e-01 4.231975e-12
9.972093e-01 -1.394592e-01 -4.619622e-01 1.279149e-05 4.500772e-01 5.351089e-09 9.972093e-01 -2.625761e-05 3.803778e-02 4.534583e-13 4.500772e-01 1.007512e-12
9.979736e-01 -1.032328e-01 -4.723796e-01 4.113785e-06 8.842207e-01 8.759695e-10 9.979736e-01 -1.943685e-05 2.762037e-02 1.458337e-13 8.842207e-01 1.649290e-13
9.986922e-01 -6.783332e-02 -4.821748e-01 8.695088e-07 2.173160e+00 7.533389e-11 9.986922e-01 -1.277177e-05 1.782518e-02 3.082409e-14 2.173160e+00 1.418399e-14
9.993671e-01 -3.338401e-02 -4.913738e-01 7.818588e-08 8.081610e+00 1.821539e-12 9.993671e-01 -6.285598e-06 8.626158e-03 2.771690e-15 8.081610e+00 3.429625e-16
1.000000e+00 0.000000e+00 -5.000000e-01 0.000000e+00 7.080493e+01 0.000000e+00 1.000000e+00 0.000000e+00 0.000000e+00 0.000000e+00 7.080493e+01 0.000000e+00
